Maps for: Query 0
In: Graph 17 [0, 3, 5, 7, 10, 8, 6]
In: Graph 20 [0, 3, 6, 10, 13, 11, 7]
In: Graph 41 [0, 1, 3, 7, 15, 9, 2]
In: Graph 42 [0, 1, 2, 5, 11, 18, 3]
In: Graph 45 [1, 2, 4, 7, 12, 10, 5]
In: Graph 61 [5, 8, 11, 14, 13, 9, 12]
In: Graph 63 [1, 0, 2, 5, 8, 12, 3]
In: Graph 77 [0, 1, 4, 10, 15, 20, 2]
In: Graph 87 [0, 2, 3, 6, 12, 17, 4]
In: Graph 88 [1, 2, 5, 11, 17, 21, 6]
In: Graph 103 [0, 1, 2, 5, 11, 10, 3]
In: Graph 105 [0, 1, 2, 5, 10, 15, 3]
In: Graph 126 [17, 16, 11, 15, 20, 24, 21]
In: Graph 128 [0, 1, 2, 5, 10, 6, 3]
In: Graph 138 [1, 2, 6, 13, 19, 24, 5]
In: Graph 140 [12, 8, 11, 7, 4, 6, 13]
In: Graph 151 [6, 4, 2, 0, 1, 3, 7]
In: Graph 171 [1, 2, 5, 8, 11, 9, 6]
In: Graph 190 [0, 1, 2, 5, 10, 12, 3]
In: Graph 199 [0, 3, 5, 7, 11, 14, 6]
In: Graph 210 [1, 0, 2, 6, 9, 5, 3]
In: Graph 218 [2, 4, 10, 14, 12, 5, 8]
In: Graph 219 [2, 4, 10, 14, 12, 5, 8]
In: Graph 227 [6, 10, 5, 9, 14, 18, 15]
In: Graph 232 [0, 2, 4, 8, 15, 10, 5]
In: Graph 234 [7, 4, 2, 5, 9, 10, 8]
In: Graph 237 [1, 2, 4, 7, 13, 19, 5]
In: Graph 240 [16, 15, 14, 11, 7, 3, 17]
In: Graph 248 [1, 0, 2, 5, 9, 14, 3]
In: Graph 275 [1, 3, 6, 10, 14, 11, 7]
In: Graph 283 [8, 4, 1, 0, 2, 5, 9]
In: Graph 290 [1, 2, 5, 12, 18, 19, 6]
In: Graph 295 [2, 0, 1, 4, 9, 10, 3]
In: Graph 300 [1, 2, 4, 7, 6, 9, 5]
In: Graph 319 [0, 1, 3, 8, 13, 9, 4]
In: Graph 320 [1, 2, 5, 9, 12, 10, 6]
In: Graph 361 [0, 1, 3, 7, 11, 20, 2]
In: Graph 363 [1, 2, 4, 10, 8, 3, 5]
In: Graph 377 [2, 0, 1, 4, 10, 13, 3]
In: Graph 380 [6, 11, 17, 20, 21, 19, 16]
In: Graph 381 [1, 2, 5, 12, 18, 19, 6]
In: Graph 382 [0, 1, 2, 5, 8, 3, 4]
In: Graph 385 [0, 2, 7, 10, 12, 13, 6]
In: Graph 386 [26, 29, 34, 37, 40, 43, 32]
In: Graph 396 [6, 11, 17, 20, 21, 19, 16]
In: Graph 397 [1, 2, 5, 12, 18, 19, 6]
In: Graph 399 [1, 4, 10, 18, 26, 35, 9]
In: Graph 412 [0, 2, 3, 5, 9, 8, 4]
In: Graph 416 [1, 2, 4, 8, 12, 9, 5]
In: Graph 417 [1, 2, 4, 8, 12, 9, 5]
In: Graph 418 [0, 3, 5, 8, 12, 10, 6]
In: Graph 426 [11, 8, 5, 3, 4, 6, 12]
In: Graph 431 [5, 9, 13, 18, 19, 14, 11]
In: Graph 441 [1, 2, 4, 8, 12, 9, 5]
In: Graph 444 [0, 2, 6, 11, 14, 8, 7]
In: Graph 450 [0, 1, 2, 5, 10, 13, 3]
In: Graph 457 [1, 2, 6, 11, 9, 3, 4]
In: Graph 458 [0, 1, 2, 5, 10, 15, 3]
In: Graph 460 [0, 1, 4, 10, 6, 2, 5]
In: Graph 463 [0, 1, 2, 5, 10, 17, 3]
In: Graph 465 [1, 2, 4, 8, 7, 3, 5]
In: Graph 470 [13, 16, 19, 23, 20, 17, 18]
In: Graph 475 [3, 6, 9, 12, 15, 18, 10]
In: Graph 483 [0, 3, 5, 9, 14, 11, 6]
In: Graph 485 [4, 2, 0, 1, 3, 6, 5]
In: Graph 486 [13, 14, 15, 19, 25, 27, 16]
In: Graph 496 [0, 2, 4, 10, 14, 12, 5]
In: Graph 507 [5, 11, 14, 15, 12, 16, 13]
In: Graph 522 [0, 1, 2, 5, 10, 14, 3]
In: Graph 523 [0, 1, 2, 5, 6, 3, 4]
In: Graph 525 [0, 1, 2, 6, 12, 9, 3]
In: Graph 535 [0, 1, 2, 5, 10, 4, 3]
In: Graph 540 [5, 4, 6, 8, 10, 9, 7]
In: Graph 548 [1, 2, 5, 11, 16, 26, 6]
In: Graph 549 [1, 2, 5, 11, 16, 26, 6]
In: Graph 554 [2, 5, 8, 11, 17, 23, 9]
In: Graph 590 [5, 2, 0, 1, 3, 7, 6]
In: Graph 603 [7, 5, 2, 0, 1, 3, 8]
In: Graph 604 [6, 7, 11, 18, 13, 19, 10]
In: Graph 612 [0, 1, 2, 5, 10, 17, 3]
In: Graph 613 [8, 14, 24, 30, 25, 16, 22]
In: Graph 614 [5, 8, 14, 10, 6, 2, 12]
In: Graph 637 [1, 2, 4, 9, 14, 18, 5]
In: Graph 640 [11, 8, 5, 7, 10, 13, 12]
In: Graph 641 [0, 2, 6, 11, 14, 8, 7]
In: Graph 645 [0, 3, 5, 8, 13, 12, 6]
In: Graph 652 [2, 0, 1, 4, 9, 10, 3]
In: Graph 654 [0, 1, 2, 5, 11, 8, 3]
In: Graph 660 [1, 0, 2, 6, 10, 13, 3]
In: Graph 666 [0, 1, 4, 10, 6, 2, 5]
In: Graph 667 [2, 4, 7, 11, 9, 5, 8]
In: Graph 669 [3, 6, 10, 14, 17, 15, 11]
In: Graph 674 [0, 1, 2, 5, 10, 15, 3]
In: Graph 708 [1, 2, 6, 14, 20, 26, 5]
In: Graph 709 [0, 3, 5, 7, 11, 10, 6]
In: Graph 710 [0, 2, 5, 10, 12, 14, 6]
In: Graph 717 [5, 4, 7, 11, 14, 12, 8]
In: Graph 729 [0, 1, 3, 5, 9, 14, 2]
In: Graph 745 [2, 6, 12, 16, 19, 22, 11]
In: Graph 749 [1, 2, 5, 9, 7, 11, 4]
In: Graph 750 [0, 2, 4, 7, 11, 15, 3]
In: Graph 758 [5, 3, 6, 11, 14, 12, 7]
In: Graph 779 [12, 14, 18, 19, 20, 22, 17]
In: Graph 792 [0, 2, 3, 6, 12, 15, 4]
In: Graph 793 [0, 1, 2, 5, 11, 18, 3]
In: Graph 794 [0, 2, 3, 6, 11, 9, 4]
In: Graph 796 [4, 7, 8, 12, 18, 15, 11]
In: Graph 809 [0, 3, 5, 10, 15, 18, 6]
In: Graph 824 [0, 2, 3, 5, 8, 11, 4]
In: Graph 828 [2, 3, 5, 10, 11, 19, 6]
In: Graph 832 [1, 2, 4, 7, 13, 19, 5]
In: Graph 834 [0, 1, 4, 10, 6, 2, 5]
In: Graph 835 [0, 1, 4, 10, 6, 2, 5]
In: Graph 843 [0, 2, 4, 7, 11, 12, 3]
In: Graph 844 [0, 3, 4, 5, 9, 16, 6]
In: Graph 848 [9, 17, 27, 18, 10, 5, 26]
In: Graph 852 [0, 3, 4, 5, 9, 16, 6]
In: Graph 853 [0, 2, 3, 4, 8, 14, 5]
In: Graph 855 [0, 3, 4, 5, 9, 16, 6]
In: Graph 856 [9, 12, 16, 15, 20, 24, 14]
In: Graph 858 [0, 2, 4, 7, 13, 18, 3]
In: Graph 859 [5, 9, 13, 15, 10, 6, 14]
In: Graph 889 [1, 4, 11, 13, 5, 12, 10]
In: Graph 891 [8, 14, 10, 5, 2, 0, 19]
In: Graph 911 [12, 14, 17, 19, 21, 20, 13]
In: Graph 916 [0, 1, 2, 5, 10, 12, 3]
In: Graph 917 [12, 6, 2, 0, 1, 3, 13]
In: Graph 918 [20, 21, 23, 25, 26, 24, 22]
In: Graph 941 [5, 4, 6, 10, 14, 15, 7]
In: Graph 974 [6, 2, 5, 8, 14, 19, 7]
In: Graph 978 [0, 1, 2, 6, 11, 9, 3]
In: Graph 979 [8, 4, 1, 3, 7, 14, 9]
In: Graph 990 [0, 1, 2, 4, 9, 12, 3]
In: Graph 997 [12, 16, 11, 7, 3, 0, 21]
In: Graph 1000 [0, 3, 5, 7, 9, 11, 4]
In: Graph 1002 [0, 4, 5, 7, 9, 8, 6]
In: Graph 1003 [0, 1, 2, 5, 12, 9, 3]
In: Graph 1034 [1, 2, 5, 12, 17, 22, 6]
In: Graph 1035 [2, 5, 7, 10, 15, 12, 8]
In: Graph 1037 [5, 2, 6, 10, 15, 11, 7]
In: Graph 1049 [0, 1, 3, 8, 17, 9, 2]
In: Graph 1052 [1, 2, 5, 12, 9, 3, 6]
In: Graph 1056 [2, 4, 10, 14, 12, 5, 8]
In: Graph 1058 [7, 5, 3, 6, 9, 10, 8]
In: Graph 1059 [7, 5, 3, 6, 10, 11, 8]
In: Graph 1060 [0, 1, 2, 5, 11, 10, 3]
In: Graph 1066 [2, 3, 4, 5, 0, 1, 6]
In: Graph 1068 [1, 2, 4, 8, 11, 10, 6]
In: Graph 1069 [0, 3, 5, 7, 9, 11, 4]
In: Graph 1087 [2, 4, 7, 5, 3, 1, 6]
In: Graph 1089 [0, 1, 2, 5, 10, 15, 3]
In: Graph 1090 [1, 2, 4, 9, 15, 14, 5]
In: Graph 1106 [3, 4, 6, 8, 5, 9, 7]
In: Graph 1107 [1, 2, 6, 9, 3, 10, 7]
In: Graph 1108 [1, 2, 6, 9, 14, 7, 5]
In: Graph 1116 [0, 1, 2, 7, 10, 11, 3]
In: Graph 1122 [0, 1, 2, 3, 17, 21, 11]
In: Graph 1123 [0, 3, 4, 7, 13, 17, 5]
In: Graph 1127 [0, 1, 2, 5, 12, 9, 3]
In: Graph 1131 [0, 1, 2, 5, 11, 21, 3]
In: Graph 1141 [1, 0, 2, 8, 15, 18, 3]
In: Graph 1150 [0, 1, 2, 5, 11, 16, 4]
In: Graph 1151 [1, 3, 4, 8, 9, 11, 5]
In: Graph 1159 [1, 2, 4, 8, 10, 11, 5]
In: Graph 1160 [1, 2, 4, 8, 10, 11, 5]
In: Graph 1163 [2, 4, 8, 6, 3, 7, 9]
In: Graph 1173 [0, 3, 6, 9, 12, 16, 7]
In: Graph 1176 [2, 5, 8, 6, 10, 15, 9]
In: Graph 1187 [0, 1, 2, 5, 12, 4, 3]
In: Graph 1188 [1, 2, 7, 13, 9, 3, 5]
In: Graph 1189 [1, 3, 8, 16, 24, 33, 7]
In: Graph 1195 [0, 2, 3, 7, 14, 15, 4]
In: Graph 1197 [37, 40, 44, 48, 53, 50, 43]
In: Graph 1198 [35, 38, 42, 46, 51, 48, 41]
In: Graph 1199 [35, 38, 42, 46, 51, 48, 41]
In: Graph 1200 [47, 50, 54, 58, 63, 60, 53]
In: Graph 1201 [39, 42, 46, 50, 55, 52, 45]
In: Graph 1202 [34, 37, 41, 45, 50, 47, 40]
In: Graph 1203 [37, 40, 44, 48, 52, 50, 43]
In: Graph 1204 [35, 38, 42, 46, 51, 48, 41]
In: Graph 1205 [35, 39, 44, 48, 53, 50, 43]
In: Graph 1208 [38, 44, 49, 55, 60, 57, 48]
In: Graph 1209 [42, 47, 51, 55, 60, 57, 50]
In: Graph 1210 [22, 25, 29, 33, 38, 43, 28]
In: Graph 1217 [37, 40, 44, 48, 53, 50, 43]
In: Graph 1219 [0, 1, 3, 7, 15, 9, 2]
In: Graph 1243 [0, 3, 5, 10, 17, 22, 6]
In: Graph 1249 [10, 16, 20, 25, 27, 30, 19]
In: Graph 1258 [0, 1, 2, 5, 9, 12, 3]
In: Graph 1262 [0, 1, 4, 6, 7, 3, 5]
In: Graph 1263 [1, 2, 4, 8, 12, 10, 5]
In: Graph 1268 [1, 2, 5, 9, 11, 14, 4]
In: Graph 1271 [26, 29, 33, 36, 39, 42, 32]
In: Graph 1283 [2, 4, 8, 15, 19, 16, 9]
In: Graph 1297 [0, 3, 5, 9, 17, 14, 7]
In: Graph 1302 [1, 0, 3, 11, 12, 14, 2]
In: Graph 1309 [1, 4, 7, 11, 17, 12, 8]
In: Graph 1313 [2, 1, 3, 7, 12, 8, 4]
In: Graph 1316 [1, 2, 4, 10, 20, 18, 5]
In: Graph 1330 [0, 1, 2, 4, 7, 9, 3]
In: Graph 1332 [2, 4, 8, 11, 5, 12, 9]
In: Graph 1338 [35, 39, 44, 49, 55, 52, 43]
In: Graph 1339 [39, 45, 50, 56, 61, 58, 49]
In: Graph 1340 [37, 42, 47, 52, 57, 54, 46]
In: Graph 1341 [1, 2, 4, 9, 14, 10, 5]
In: Graph 1350 [38, 43, 49, 55, 62, 59, 48]
In: Graph 1372 [4, 2, 5, 10, 17, 9, 6]
In: Graph 1386 [2, 4, 10, 13, 11, 5, 8]
In: Graph 1394 [1, 0, 2, 7, 16, 20, 3]
In: Graph 1399 [0, 2, 3, 6, 12, 14, 4]
In: Graph 1401 [8, 4, 1, 0, 2, 5, 9]
In: Graph 1402 [35, 38, 42, 46, 51, 48, 41]
In: Graph 1408 [0, 1, 2, 6, 3, 8, 4]
In: Graph 1411 [1, 2, 4, 7, 9, 5, 6]
In: Graph 1429 [38, 43, 49, 53, 58, 55, 48]
In: Graph 1430 [2, 4, 9, 14, 10, 5, 8]
In: Graph 1437 [0, 1, 2, 5, 9, 7, 3]
In: Graph 1439 [39, 46, 56, 62, 68, 65, 55]
In: Graph 1445 [39, 45, 50, 56, 64, 61, 49]
In: Graph 1446 [39, 43, 48, 54, 61, 58, 47]
In: Graph 1450 [10, 6, 3, 1, 2, 4, 12]
In: Graph 1452 [0, 1, 4, 6, 7, 9, 2]
In: Graph 1453 [1, 2, 5, 10, 6, 3, 4]
In: Graph 1454 [10, 6, 3, 1, 2, 4, 12]
In: Graph 1458 [0, 4, 5, 7, 9, 8, 6]
In: Graph 1465 [0, 1, 2, 6, 9, 10, 3]
In: Graph 1468 [24, 29, 34, 37, 40, 43, 32]
In: Graph 1470 [1, 2, 4, 8, 14, 10, 5]
In: Graph 1471 [1, 2, 4, 8, 14, 10, 5]
In: Graph 1473 [0, 1, 2, 5, 10, 15, 3]
In: Graph 1480 [5, 2, 6, 9, 12, 8, 7]
In: Graph 1481 [5, 2, 6, 9, 12, 8, 7]
In: Graph 1482 [9, 13, 18, 14, 10, 7, 17]
In: Graph 1483 [4, 2, 5, 9, 12, 8, 6]
In: Graph 1484 [0, 2, 4, 9, 13, 11, 5]
In: Graph 1487 [0, 2, 4, 9, 13, 11, 5]
In: Graph 1490 [0, 2, 4, 8, 10, 12, 5]
In: Graph 1491 [0, 2, 4, 7, 10, 8, 5]
In: Graph 1499 [3, 5, 8, 11, 14, 12, 9]
In: Graph 1500 [3, 5, 8, 11, 13, 12, 9]
In: Graph 1501 [3, 5, 8, 10, 12, 13, 9]
In: Graph 1507 [5, 3, 6, 10, 15, 9, 7]
In: Graph 1508 [31, 26, 33, 40, 46, 39, 32]
In: Graph 1512 [1, 2, 4, 8, 12, 15, 5]
In: Graph 1528 [4, 6, 10, 15, 20, 16, 12]
In: Graph 1532 [41, 45, 50, 56, 63, 60, 49]
In: Graph 1533 [38, 44, 52, 61, 72, 69, 51]
In: Graph 1536 [6, 3, 7, 11, 17, 12, 8]
In: Graph 1538 [3, 6, 10, 13, 15, 14, 11]
In: Graph 1545 [2, 5, 7, 11, 18, 26, 8]
In: Graph 1558 [2, 5, 8, 12, 10, 6, 9]
In: Graph 1563 [39, 43, 49, 55, 62, 59, 48]
In: Graph 1573 [7, 5, 2, 6, 8, 4, 9]
In: Graph 1577 [41, 48, 57, 67, 79, 76, 56]
In: Graph 1581 [2, 5, 9, 14, 18, 12, 10]
In: Graph 1586 [39, 43, 48, 54, 61, 58, 47]
In: Graph 1587 [40, 45, 50, 54, 59, 56, 49]
In: Graph 1588 [34, 29, 33, 28, 23, 20, 35]
In: Graph 1594 [39, 43, 48, 54, 62, 59, 47]
In: Graph 1595 [0, 1, 2, 5, 11, 13, 3]
In: Graph 1597 [0, 3, 4, 7, 12, 9, 5]
In: Graph 1598 [0, 2, 3, 6, 9, 13, 5]
In: Graph 1599 [23, 27, 31, 35, 40, 45, 30]
In: Graph 1600 [39, 43, 48, 54, 61, 58, 47]
In: Graph 1608 [0, 2, 4, 9, 14, 13, 5]
In: Graph 1610 [1, 2, 4, 8, 15, 9, 5]
In: Graph 1611 [1, 2, 4, 8, 14, 10, 5]
In: Graph 1613 [7, 12, 9, 4, 1, 3, 21]
In: Graph 1615 [34, 37, 41, 45, 50, 47, 40]
In: Graph 1616 [34, 37, 41, 45, 49, 47, 40]
In: Graph 1617 [22, 26, 32, 36, 42, 47, 31]
In: Graph 1618 [38, 42, 46, 50, 55, 52, 45]
In: Graph 1619 [2, 5, 10, 8, 4, 9, 11]
In: Graph 1622 [2, 5, 7, 11, 18, 17, 8]
In: Graph 1623 [0, 3, 6, 13, 15, 9, 5]
In: Graph 1630 [1, 0, 3, 7, 12, 13, 4]
In: Graph 1638 [14, 17, 19, 20, 21, 22, 16]
In: Graph 1640 [4, 8, 16, 22, 24, 21, 15]
In: Graph 1649 [19, 23, 31, 38, 47, 54, 29]
In: Graph 1660 [23, 27, 31, 35, 40, 45, 30]
In: Graph 1668 [3, 7, 13, 18, 25, 33, 8]
In: Graph 1671 [0, 1, 2, 5, 11, 4, 3]
In: Graph 1672 [0, 1, 2, 5, 11, 4, 3]
In: Graph 1673 [0, 1, 2, 5, 11, 4, 3]
In: Graph 1721 [1, 2, 4, 9, 15, 19, 5]
In: Graph 1723 [0, 2, 4, 6, 10, 12, 5]
In: Graph 1724 [2, 4, 6, 10, 12, 11, 7]
In: Graph 1741 [1, 3, 6, 11, 16, 19, 7]
In: Graph 1755 [40, 39, 38, 37, 36, 35, 41]
In: Graph 1756 [3, 1, 4, 9, 16, 8, 5]
In: Graph 1774 [0, 2, 3, 6, 11, 9, 4]
In: Graph 1794 [0, 1, 3, 7, 11, 5, 2]
In: Graph 1798 [0, 2, 3, 6, 12, 16, 4]
In: Graph 1803 [1, 6, 5, 4, 3, 0, 16]
In: Graph 1804 [0, 1, 2, 5, 11, 8, 3]
In: Graph 1805 [1, 2, 4, 8, 11, 6, 5]
In: Graph 1806 [0, 1, 2, 6, 11, 14, 3]
In: Graph 1807 [2, 3, 5, 10, 11, 19, 6]
In: Graph 1811 [1, 2, 4, 9, 13, 11, 5]
In: Graph 1829 [4, 3, 6, 9, 13, 14, 5]
In: Graph 1831 [12, 14, 18, 24, 22, 15, 19]
In: Graph 1832 [6, 5, 8, 12, 16, 13, 9]
In: Graph 1833 [7, 5, 2, 3, 1, 0, 8]
In: Graph 1836 [0, 2, 3, 8, 14, 16, 4]
In: Graph 1844 [0, 3, 5, 10, 17, 12, 6]
In: Graph 1853 [2, 6, 7, 12, 15, 14, 11]
In: Graph 1856 [1, 2, 4, 8, 10, 16, 6]
In: Graph 1857 [1, 2, 4, 8, 10, 16, 6]
In: Graph 1863 [0, 1, 2, 5, 11, 13, 3]
In: Graph 1870 [2, 3, 5, 10, 11, 17, 6]
In: Graph 1871 [2, 7, 6, 5, 4, 3, 15]
In: Graph 1872 [0, 1, 3, 9, 10, 4, 2]
In: Graph 1880 [0, 1, 4, 8, 17, 21, 3]
In: Graph 1896 [1, 2, 5, 9, 14, 10, 6]
In: Graph 1915 [0, 1, 2, 5, 10, 12, 3]
In: Graph 1916 [9, 15, 10, 5, 2, 1, 19]
In: Graph 1925 [0, 1, 2, 5, 12, 4, 3]
In: Graph 1939 [0, 1, 2, 5, 12, 8, 3]
In: Graph 1945 [2, 5, 10, 15, 14, 7, 6]
In: Graph 1978 [6, 9, 13, 16, 18, 17, 14]
In: Graph 1982 [0, 1, 3, 7, 10, 5, 2]
In: Graph 1994 [0, 2, 6, 12, 17, 16, 5]
In: Graph 2005 [0, 1, 2, 5, 11, 18, 3]
In: Graph 2008 [0, 1, 2, 5, 11, 13, 3]
In: Graph 2026 [0, 1, 2, 5, 4, 3, 12]
In: Graph 2027 [0, 1, 2, 3, 4, 5, 9]
In: Graph 2028 [14, 19, 26, 30, 35, 37, 27]
In: Graph 2029 [14, 19, 25, 29, 35, 31, 26]
In: Graph 2044 [7, 4, 2, 5, 10, 13, 8]
In: Graph 2058 [0, 2, 5, 9, 11, 10, 6]
In: Graph 2065 [4, 8, 10, 16, 9, 15, 14]
In: Graph 2075 [1, 2, 6, 11, 17, 15, 4]
In: Graph 2077 [1, 2, 4, 8, 11, 14, 5]
In: Graph 2079 [0, 3, 6, 10, 12, 16, 7]
In: Graph 2082 [8, 5, 2, 1, 4, 10, 11]
In: Graph 2091 [4, 6, 8, 7, 5, 3, 9]
In: Graph 2095 [4, 1, 0, 2, 6, 13, 5]
In: Graph 2096 [0, 1, 2, 6, 10, 14, 3]
In: Graph 2105 [3, 11, 15, 16, 13, 10, 14]
In: Graph 2107 [14, 16, 19, 20, 17, 15, 18]
In: Graph 2109 [1, 2, 4, 8, 14, 16, 5]
In: Graph 2113 [1, 2, 4, 8, 11, 9, 5]
In: Graph 2114 [2, 5, 8, 14, 18, 11, 9]
In: Graph 2185 [10, 5, 2, 4, 8, 7, 11]
In: Graph 2189 [20, 22, 23, 25, 27, 29, 24]
In: Graph 2190 [20, 22, 23, 25, 28, 30, 24]
In: Graph 2191 [17, 19, 21, 24, 20, 23, 22]
In: Graph 2211 [0, 3, 6, 10, 15, 17, 5]
In: Graph 2230 [1, 4, 9, 8, 14, 18, 10]
In: Graph 2231 [20, 21, 23, 25, 27, 29, 22]
In: Graph 2233 [0, 3, 6, 12, 18, 13, 7]
In: Graph 2248 [4, 3, 7, 13, 19, 14, 8]
In: Graph 2273 [0, 1, 3, 7, 10, 5, 4]
In: Graph 2285 [26, 27, 31, 34, 33, 28, 29]
In: Graph 2302 [2, 5, 10, 17, 22, 18, 11]
In: Graph 2304 [6, 5, 7, 11, 16, 19, 8]
In: Graph 2312 [8, 4, 2, 5, 11, 15, 10]
In: Graph 2344 [1, 2, 6, 14, 10, 3, 7]
In: Graph 2346 [3, 7, 11, 14, 17, 15, 12]
In: Graph 2348 [1, 2, 5, 4, 21, 22, 6]
In: Graph 2358 [2, 4, 8, 6, 3, 1, 9]
In: Graph 2359 [3, 5, 7, 9, 8, 11, 6]
In: Graph 2360 [5, 9, 13, 16, 14, 18, 10]
In: Graph 2366 [2, 0, 1, 4, 11, 21, 3]
In: Graph 2371 [3, 5, 9, 14, 11, 6, 10]
In: Graph 2381 [1, 2, 5, 10, 15, 11, 4]
In: Graph 2387 [0, 3, 4, 7, 10, 13, 5]
In: Graph 2393 [2, 5, 7, 8, 10, 6, 9]
In: Graph 2394 [16, 18, 22, 25, 24, 28, 21]
In: Graph 2410 [0, 3, 6, 10, 14, 11, 7]
In: Graph 2414 [5, 8, 14, 10, 6, 2, 12]
In: Graph 2415 [19, 22, 28, 24, 20, 16, 26]
In: Graph 2419 [2, 4, 7, 11, 15, 12, 8]
In: Graph 2420 [2, 6, 14, 23, 15, 7, 13]
In: Graph 2434 [0, 1, 3, 5, 10, 8, 2]
In: Graph 2436 [0, 2, 3, 6, 11, 9, 4]
In: Graph 2440 [5, 6, 4, 0, 1, 2, 8]
In: Graph 2446 [7, 6, 3, 4, 5, 0, 8]
In: Graph 2455 [9, 10, 16, 17, 18, 19, 11]
In: Graph 2457 [1, 0, 5, 4, 3, 2, 6]
In: Graph 2465 [7, 9, 16, 17, 12, 8, 10]
In: Graph 2472 [15, 14, 9, 8, 7, 5, 17]
In: Graph 2473 [0, 4, 6, 3, 2, 1, 11]
In: Graph 2479 [0, 5, 6, 7, 13, 16, 28]
In: Graph 2480 [0, 5, 6, 7, 13, 16, 28]
In: Graph 2503 [5, 7, 10, 11, 24, 21, 9]
In: Graph 2504 [2, 3, 4, 5, 10, 11, 8]
In: Graph 2507 [0, 5, 4, 3, 2, 1, 9]
In: Graph 2510 [4, 9, 8, 7, 6, 5, 18]
In: Graph 2519 [1, 0, 6, 12, 13, 14, 8]
In: Graph 2524 [0, 1, 2, 3, 4, 5, 23]
In: Graph 2527 [7, 8, 9, 10, 12, 13, 11]
In: Graph 2533 [0, 6, 7, 9, 10, 11, 12]
In: Graph 2561 [0, 1, 2, 3, 4, 5, 25]
In: Graph 2562 [1, 0, 17, 16, 13, 11, 7]
In: Graph 2563 [1, 0, 8, 9, 10, 11, 6]
In: Graph 2567 [2, 11, 10, 13, 14, 15, 19]
In: Graph 2568 [2, 11, 10, 13, 14, 15, 18]
In: Graph 2570 [7, 8, 11, 12, 13, 14, 10]
In: Graph 2575 [1, 5, 4, 3, 2, 0, 14]
In: Graph 2582 [0, 1, 2, 4, 6, 7, 3]
In: Graph 2583 [0, 7, 6, 5, 4, 1, 13]
In: Graph 2600 [1, 0, 5, 4, 3, 2, 8]
In: Graph 2601 [1, 0, 4, 3, 13, 2, 5]
In: Graph 2613 [4, 3, 2, 1, 5, 6, 10]
In: Graph 2614 [4, 3, 2, 1, 5, 6, 10]
In: Graph 2623 [1, 0, 7, 6, 3, 2, 9]
In: Graph 2629 [1, 0, 4, 3, 2, 5, 19]
In: Graph 2631 [1, 2, 3, 11, 12, 13, 6]
In: Graph 2632 [0, 5, 10, 11, 12, 13, 6]
In: Graph 2682 [0, 5, 4, 9, 14, 13, 10]
In: Graph 2683 [0, 5, 4, 3, 2, 1, 11]
In: Graph 2684 [3, 4, 5, 6, 7, 8, 9]
In: Graph 2685 [0, 1, 2, 3, 4, 5, 24]
In: Graph 2686 [0, 5, 4, 3, 2, 1, 7]
In: Graph 2698 [0, 6, 5, 4, 3, 13, 15]
In: Graph 2699 [0, 7, 6, 3, 2, 1, 8]
In: Graph 2700 [7, 8, 9, 11, 13, 14, 15]
In: Graph 2713 [3, 5, 8, 9, 10, 11, 6]
In: Graph 2718 [18, 19, 24, 25, 26, 23, 20]
In: Graph 2724 [0, 1, 2, 3, 4, 10, 7]
In: Graph 2726 [3, 7, 10, 12, 13, 14, 8]
In: Graph 2728 [0, 4, 6, 8, 9, 10, 3]
In: Graph 2768 [18, 17, 11, 10, 9, 7, 19]
In: Graph 2778 [2, 1, 0, 4, 3, 6, 8]
In: Graph 2787 [7, 8, 9, 5, 1, 2, 13]
In: Graph 2788 [12, 11, 10, 5, 1, 2, 15]
In: Graph 2790 [0, 5, 4, 3, 2, 1, 6]
In: Graph 2795 [1, 2, 6, 8, 9, 11, 3]
In: Graph 2796 [1, 2, 6, 8, 9, 11, 3]
In: Graph 2797 [1, 2, 6, 8, 9, 12, 3]
In: Graph 2818 [1, 0, 2, 4, 5, 7, 20]
In: Graph 2832 [4, 5, 6, 1, 2, 3, 10]
In: Graph 2865 [0, 1, 2, 3, 4, 5, 6]
In: Graph 2866 [14, 19, 18, 17, 16, 15, 20]
In: Graph 2867 [1, 2, 3, 4, 5, 0, 7]
In: Graph 2868 [0, 5, 4, 3, 2, 1, 6]
In: Graph 2869 [0, 5, 4, 3, 2, 1, 6]
In: Graph 2870 [0, 5, 4, 3, 2, 1, 6]
In: Graph 2871 [0, 5, 4, 3, 2, 1, 14]
In: Graph 2872 [0, 3, 1, 5, 6, 7, 12]
In: Graph 2874 [0, 1, 2, 3, 10, 11, 6]
In: Graph 2875 [5, 6, 7, 8, 9, 4, 10]
In: Graph 2876 [0, 4, 3, 15, 8, 7, 5]
In: Graph 2877 [1, 0, 7, 6, 11, 2, 4]
In: Graph 2878 [0, 1, 9, 8, 7, 6, 2]
In: Graph 2885 [6, 12, 11, 10, 9, 7, 13]
In: Graph 2903 [9, 10, 17, 16, 15, 14, 11]
In: Graph 2906 [6, 1, 0, 5, 4, 13, 12]
In: Graph 2907 [2, 1, 0, 20, 19, 18, 22]
In: Graph 2908 [2, 3, 4, 5, 6, 7, 18]
In: Graph 2909 [0, 5, 4, 3, 2, 1, 12]
In: Graph 2910 [3, 7, 6, 15, 31, 16, 10]
In: Graph 2917 [7, 10, 21, 22, 13, 8, 11]
In: Graph 2924 [0, 6, 5, 12, 13, 10, 7]
In: Graph 2925 [0, 6, 5, 14, 15, 12, 7]
In: Graph 2926 [0, 6, 5, 12, 13, 10, 33]
In: Graph 2927 [0, 6, 5, 14, 15, 12, 10]
In: Graph 2928 [0, 4, 20, 9, 8, 7, 5]
In: Graph 2936 [5, 6, 7, 8, 9, 4, 11]
In: Graph 2941 [1, 0, 14, 15, 10, 11, 2]
In: Graph 2942 [0, 1, 8, 9, 4, 3, 2]
In: Graph 2948 [6, 7, 16, 15, 14, 10, 8]
In: Graph 2953 [16, 15, 7, 8, 9, 4, 17]
In: Graph 2955 [4, 9, 8, 7, 6, 5, 13]
In: Graph 2958 [2, 1, 0, 14, 4, 5, 13]
In: Graph 2966 [0, 1, 2, 5, 3, 4, 6]
In: Graph 2967 [0, 5, 6, 2, 3, 10, 4]
In: Graph 2975 [1, 0, 6, 5, 4, 3, 8]
In: Graph 2980 [1, 0, 5, 4, 3, 2, 26]
In: Graph 2981 [1, 0, 5, 4, 3, 2, 13]
In: Graph 2984 [1, 6, 10, 8, 9, 29, 5]
In: Graph 2985 [0, 3, 4, 5, 9, 14, 6]
In: Graph 2989 [3, 2, 1, 0, 6, 28, 16]
In: Graph 2991 [2, 5, 6, 7, 8, 17, 26]
In: Graph 3002 [1, 13, 14, 15, 16, 17, 18]
In: Graph 3019 [0, 14, 15, 13, 12, 11, 20]
In: Graph 3022 [6, 5, 4, 3, 2, 1, 20]
In: Graph 3023 [12, 18, 19, 20, 21, 13, 55]
In: Graph 3026 [0, 1, 14, 12, 11, 16, 2]
In: Graph 3027 [0, 3, 4, 5, 2, 1, 6]
In: Graph 3028 [0, 1, 2, 3, 10, 12, 9]
In: Graph 3029 [1, 0, 5, 6, 8, 2, 4]
In: Graph 3036 [2, 3, 6, 9, 10, 11, 4]
In: Graph 3044 [0, 5, 4, 3, 2, 1, 16]
In: Graph 3045 [0, 5, 4, 3, 2, 1, 15]
In: Graph 3057 [13, 15, 17, 18, 19, 20, 16]
In: Graph 3064 [0, 5, 2, 3, 9, 8, 4]
In: Graph 3072 [1, 0, 5, 4, 3, 2, 10]
In: Graph 3095 [10, 15, 14, 19, 18, 17, 39]
In: Graph 3100 [0, 5, 4, 3, 2, 1, 6]
In: Graph 3103 [0, 39, 40, 5, 6, 41, 1]
In: Graph 3105 [12, 13, 14, 15, 9, 10, 20]
In: Graph 3107 [7, 14, 13, 12, 9, 8, 18]
In: Graph 3108 [7, 14, 13, 12, 9, 8, 18]
In: Graph 3109 [7, 14, 13, 12, 9, 8, 18]
In: Graph 3110 [7, 14, 13, 12, 9, 8, 18]
In: Graph 3111 [0, 9, 11, 24, 22, 21, 10]
In: Graph 3112 [0, 5, 4, 10, 9, 8, 6]
In: Graph 3114 [0, 1, 4, 6, 7, 2, 8]
In: Graph 3117 [0, 5, 4, 3, 2, 22, 13]
In: Graph 3119 [6, 11, 10, 15, 14, 13, 35]
In: Graph 3120 [6, 7, 8, 9, 10, 11, 12]
In: Graph 3122 [7, 11, 12, 13, 14, 15, 16]
In: Graph 3145 [1, 2, 25, 32, 33, 34, 21]
In: Graph 3149 [0, 2, 3, 4, 5, 6, 8]
In: Graph 3150 [0, 8, 7, 6, 5, 18, 11]
In: Graph 3154 [2, 1, 0, 4, 14, 15, 6]
In: Graph 3169 [2, 1, 11, 12, 0, 6, 3]
In: Graph 3186 [1, 2, 3, 4, 5, 0, 6]
In: Graph 3208 [2, 3, 4, 15, 14, 13, 12]
In: Graph 3209 [2, 3, 4, 15, 14, 13, 12]
In: Graph 3212 [3, 14, 10, 8, 6, 5, 15]
In: Graph 3213 [0, 1, 2, 10, 9, 8, 14]
In: Graph 3219 [0, 1, 2, 3, 4, 5, 14]
In: Graph 3220 [0, 1, 2, 3, 4, 5, 17]
In: Graph 3225 [3, 8, 9, 15, 14, 16, 7]
In: Graph 3243 [7, 13, 12, 11, 10, 8, 24]
In: Graph 3259 [5, 6, 7, 12, 15, 14, 9]
In: Graph 3262 [4, 9, 7, 8, 6, 5, 19]
In: Graph 3267 [1, 5, 4, 3, 2, 0, 9]
In: Graph 3271 [4, 9, 8, 7, 6, 5, 20]
In: Graph 3275 [0, 4, 22, 23, 24, 25, 3]
In: Graph 3287 [0, 5, 4, 9, 8, 7, 18]
In: Graph 3288 [0, 5, 4, 9, 8, 7, 18]
In: Graph 3289 [0, 5, 4, 9, 8, 7, 18]
In: Graph 3290 [0, 5, 4, 3, 2, 1, 18]
In: Graph 3291 [1, 2, 4, 5, 7, 8, 3]
In: Graph 3297 [0, 5, 4, 3, 2, 31, 20]
In: Graph 3299 [0, 5, 4, 3, 2, 18, 31]
In: Graph 3305 [0, 1, 7, 6, 5, 8, 2]
In: Graph 3318 [1, 0, 5, 6, 22, 2, 20]
In: Graph 3319 [1, 0, 5, 8, 22, 2, 6]
In: Graph 3320 [0, 1, 20, 2, 3, 21, 22]
In: Graph 3321 [4, 8, 9, 14, 13, 12, 11]
In: Graph 3322 [9, 15, 14, 19, 21, 22, 23]
In: Graph 3325 [19, 24, 23, 22, 21, 20, 27]
In: Graph 3329 [0, 1, 2, 42, 3, 4, 7]
In: Graph 3330 [0, 4, 6, 7, 8, 9, 3]
In: Graph 3332 [5, 7, 9, 10, 11, 12, 8]
In: Graph 3333 [1, 2, 14, 13, 12, 11, 3]
In: Graph 3334 [0, 6, 7, 11, 12, 13, 5]
In: Graph 3337 [0, 5, 4, 3, 2, 1, 6]
In: Graph 3338 [0, 5, 4, 3, 2, 1, 14]
In: Graph 3339 [0, 5, 4, 3, 2, 1, 6]
In: Graph 3340 [0, 5, 4, 18, 10, 9, 6]
In: Graph 3344 [0, 5, 4, 3, 2, 1, 10]
In: Graph 3346 [5, 8, 9, 10, 11, 4, 13]
In: Graph 3347 [9, 16, 29, 30, 31, 32, 17]
In: Graph 3382 [17, 14, 13, 12, 15, 16, 18]
In: Graph 3384 [4, 12, 18, 14, 13, 5, 7]
In: Graph 3386 [0, 12, 13, 14, 1, 2, 11]
In: Graph 3405 [0, 5, 4, 3, 2, 1, 6]
In: Graph 3406 [0, 5, 4, 3, 2, 1, 6]
In: Graph 3407 [0, 5, 4, 3, 2, 1, 6]
In: Graph 3418 [3, 4, 5, 0, 1, 2, 7]
In: Graph 3420 [4, 6, 18, 16, 17, 12, 7]
In: Graph 3423 [1, 0, 5, 4, 3, 2, 15]
In: Graph 3435 [0, 5, 4, 3, 2, 1, 6]
In: Graph 3439 [0, 5, 4, 8, 7, 6, 9]
In: Graph 3440 [1, 2, 3, 4, 5, 6, 12]
In: Graph 3448 [1, 6, 5, 4, 3, 2, 22]
In: Graph 3453 [12, 13, 14, 15, 16, 11, 18]
In: Graph 3458 [0, 1, 36, 37, 3, 2, 5]
In: Graph 3469 [4, 9, 14, 13, 12, 11, 10]
In: Graph 3481 [2, 1, 0, 10, 9, 8, 11]
In: Graph 3482 [0, 5, 4, 3, 10, 11, 7]
In: Graph 3483 [0, 5, 4, 3, 10, 11, 7]
In: Graph 3486 [11, 10, 19, 17, 16, 14, 15]
In: Graph 3487 [14, 15, 21, 20, 19, 17, 16]
In: Graph 3497 [4, 5, 6, 1, 2, 3, 18]
In: Graph 3508 [15, 12, 13, 14, 9, 8, 16]
In: Graph 3529 [3, 4, 5, 0, 1, 2, 8]
In: Graph 3531 [5, 6, 7, 13, 12, 17, 10]
In: Graph 3537 [0, 5, 4, 3, 2, 1, 17]
In: Graph 3542 [5, 6, 18, 16, 3, 11, 13]
In: Graph 3551 [6, 7, 11, 13, 14, 15, 8]
In: Graph 3553 [0, 1, 9, 2, 3, 4, 5]
In: Graph 3571 [0, 2, 6, 5, 4, 3, 1]
In: Graph 3572 [0, 4, 8, 10, 11, 12, 3]
In: Graph 3573 [0, 1, 2, 3, 7, 9, 5]
In: Graph 3575 [2, 3, 4, 5, 0, 1, 6]
In: Graph 3598 [1, 2, 3, 4, 5, 0, 6]
In: Graph 3599 [1, 6, 5, 4, 10, 9, 7]
In: Graph 3632 [4, 8, 7, 10, 11, 17, 13]
In: Graph 3633 [3, 4, 5, 10, 9, 8, 6]
In: Graph 3634 [2, 3, 10, 12, 13, 14, 11]
In: Graph 3635 [3, 4, 9, 11, 12, 13, 5]
In: Graph 3637 [1, 0, 5, 4, 3, 2, 6]
In: Graph 3650 [3, 4, 5, 6, 0, 1, 10]
In: Graph 3651 [12, 6, 5, 4, 3, 2, 16]
In: Graph 3652 [3, 4, 13, 14, 0, 1, 7]
In: Graph 3657 [0, 4, 2, 3, 5, 1, 7]
In: Graph 3658 [0, 1, 2, 3, 4, 5, 6]
In: Graph 3668 [0, 1, 2, 3, 4, 5, 6]
In: Graph 3688 [7, 12, 13, 14, 15, 16, 17]
In: Graph 3690 [4, 9, 18, 8, 7, 5, 10]
In: Graph 3703 [7, 9, 11, 19, 20, 21, 10]
In: Graph 3712 [4, 13, 27, 28, 29, 30, 18]
In: Graph 3715 [1, 2, 24, 23, 22, 21, 3]
In: Graph 3716 [0, 5, 4, 3, 2, 1, 7]
In: Graph 3717 [0, 13, 12, 4, 2, 1, 14]
In: Graph 3720 [5, 6, 9, 11, 12, 13, 7]
In: Graph 3722 [5, 6, 9, 11, 12, 13, 7]
In: Graph 3733 [0, 5, 15, 1, 2, 14, 9]
In: Graph 3735 [3, 6, 12, 13, 14, 15, 11]
In: Graph 3736 [2, 4, 5, 6, 1, 0, 8]
In: Graph 3741 [22, 21, 23, 24, 30, 28, 29]
In: Graph 3747 [5, 6, 9, 14, 15, 16, 7]
In: Graph 3748 [0, 4, 13, 15, 16, 17, 3]
In: Graph 3750 [1, 0, 3, 4, 6, 8, 2]
In: Graph 3751 [3, 2, 10, 12, 13, 14, 8]
In: Graph 3764 [1, 0, 5, 4, 3, 2, 6]
In: Graph 3767 [8, 12, 11, 10, 32, 33, 13]
In: Graph 3768 [0, 3, 8, 19, 20, 22, 4]
In: Graph 3769 [0, 1, 8, 9, 12, 13, 2]
In: Graph 3770 [6, 2, 3, 4, 5, 0, 7]
In: Graph 3773 [25, 23, 24, 19, 20, 21, 26]
In: Graph 3774 [0, 1, 3, 4, 6, 7, 2]
In: Graph 3776 [6, 2, 1, 0, 3, 8, 7]
In: Graph 3778 [21, 20, 17, 16, 15, 14, 22]
In: Graph 3779 [6, 7, 12, 11, 10, 9, 8]
In: Graph 3780 [5, 6, 7, 8, 9, 10, 11]
In: Graph 3781 [6, 7, 12, 11, 10, 9, 8]
In: Graph 3782 [6, 7, 12, 11, 10, 9, 8]
In: Graph 3783 [6, 7, 12, 11, 10, 9, 8]
In: Graph 3800 [0, 5, 6, 2, 3, 7, 4]
In: Graph 3810 [0, 1, 11, 10, 9, 2, 17]
In: Graph 3824 [1, 0, 6, 3, 2, 21, 48]
In: Graph 3829 [0, 6, 7, 8, 9, 10, 13]
In: Graph 3837 [8, 7, 5, 3, 1, 0, 9]
In: Graph 3838 [4, 5, 6, 0, 2, 10, 8]
In: Graph 3842 [0, 1, 2, 3, 4, 5, 7]
In: Graph 3844 [0, 1, 2, 3, 4, 5, 18]
In: Graph 3870 [0, 1, 2, 3, 8, 10, 5]
In: Graph 3906 [0, 5, 4, 3, 2, 1, 15]
In: Graph 3912 [0, 1, 12, 13, 14, 2, 11]
In: Graph 3919 [5, 0, 1, 2, 3, 4, 8]
In: Graph 3920 [0, 5, 8, 7, 6, 12, 4]
In: Graph 3922 [4, 8, 17, 18, 15, 14, 9]
In: Graph 3923 [1, 2, 3, 4, 5, 6, 9]
In: Graph 3924 [1, 2, 3, 4, 5, 6, 8]
In: Graph 3925 [0, 4, 8, 19, 18, 17, 3]
In: Graph 3926 [0, 5, 4, 3, 2, 1, 25]
In: Graph 3927 [0, 1, 8, 7, 9, 10, 2]
In: Graph 3949 [8, 15, 1, 2, 3, 4, 16]
In: Graph 3954 [9, 10, 11, 17, 16, 15, 14]
In: Graph 3955 [11, 16, 15, 14, 13, 8, 25]
In: Graph 3956 [2, 1, 0, 6, 7, 9, 10]
In: Graph 3959 [16, 15, 14, 13, 12, 7, 17]
In: Graph 3975 [4, 8, 9, 10, 11, 3, 18]
In: Graph 3976 [0, 5, 18, 2, 3, 21, 4]
In: Graph 3977 [8, 9, 14, 19, 18, 17, 10]
In: Graph 3978 [0, 4, 3, 6, 9, 10, 5]
In: Graph 3983 [1, 2, 3, 4, 5, 6, 14]
In: Graph 3984 [1, 2, 3, 4, 5, 6, 14]
In: Graph 3986 [5, 7, 10, 11, 12, 14, 13]
In: Graph 3992 [3, 9, 2, 8, 7, 6, 10]
In: Graph 3993 [9, 3, 2, 8, 7, 6, 11]
In: Graph 4024 [1, 0, 10, 24, 28, 29, 8]
In: Graph 4031 [0, 5, 4, 6, 7, 8, 12]
In: Graph 4044 [0, 4, 3, 39, 40, 41, 14]
In: Graph 4045 [0, 4, 3, 5, 6, 7, 8]
In: Graph 4046 [1, 0, 4, 3, 2, 14, 10]
In: Graph 4047 [1, 0, 4, 12, 11, 10, 7]
In: Graph 4048 [2, 1, 0, 4, 3, 9, 8]
In: Graph 4049 [0, 4, 45, 46, 47, 48, 3]
In: Graph 4051 [6, 10, 11, 12, 14, 13, 9]
In: Graph 4056 [7, 9, 10, 12, 13, 14, 15]
In: Graph 4057 [3, 4, 5, 0, 1, 2, 8]
In: Graph 4066 [8, 7, 10, 11, 12, 13, 9]
In: Graph 4072 [0, 5, 4, 12, 14, 18, 7]
In: Graph 4102 [0, 1, 12, 11, 10, 13, 2]
In: Graph 4106 [19, 26, 23, 22, 21, 20, 27]
In: Graph 4135 [3, 7, 10, 12, 15, 16, 8]
In: Graph 4140 [2, 6, 9, 11, 13, 14, 7]
In: Graph 4141 [3, 7, 10, 13, 16, 17, 8]
In: Graph 4142 [3, 7, 10, 12, 13, 25, 8]
In: Graph 4144 [5, 7, 10, 13, 15, 16, 8]
In: Graph 4157 [5, 6, 8, 10, 13, 14, 7]
In: Graph 4187 [5, 0, 1, 2, 3, 4, 6]
In: Graph 4205 [0, 5, 4, 3, 2, 1, 12]
In: Graph 4231 [0, 8, 13, 14, 15, 16, 4]
In: Graph 4249 [5, 9, 13, 12, 11, 10, 14]
In: Graph 4253 [2, 17, 11, 10, 18, 3, 19]
In: Graph 4254 [0, 2, 3, 8, 7, 19, 6]
In: Graph 4264 [2, 6, 12, 11, 10, 9, 7]
In: Graph 4297 [35, 36, 37, 38, 50, 51, 41]
In: Graph 4327 [14, 13, 17, 18, 19, 20, 16]
In: Graph 4391 [4, 10, 11, 16, 17, 19, 12]
In: Graph 4426 [16, 17, 22, 23, 20, 19, 18]
In: Graph 4432 [1, 0, 4, 7, 6, 5, 9]
In: Graph 4434 [1, 0, 5, 4, 3, 2, 6]
In: Graph 4437 [19, 18, 17, 16, 21, 22, 23]
In: Graph 4438 [27, 26, 25, 0, 2, 6, 28]
In: Graph 4439 [25, 27, 8, 9, 10, 14, 28]
In: Graph 4444 [4, 7, 8, 9, 10, 11, 12]
In: Graph 4469 [0, 1, 2, 10, 3, 4, 9]
In: Graph 4487 [29, 34, 33, 32, 39, 38, 54]
In: Graph 4495 [0, 1, 18, 17, 3, 13, 2]
In: Graph 4522 [1, 2, 5, 4, 3, 0, 11]
In: Graph 4524 [9, 10, 12, 45, 43, 42, 58]
In: Graph 4543 [0, 5, 4, 3, 11, 10, 12]
In: Graph 4546 [1, 2, 3, 4, 5, 0, 19]
In: Graph 4556 [1, 2, 5, 3, 4, 0, 7]
In: Graph 4583 [0, 4, 3, 14, 13, 12, 11]
In: Graph 4616 [0, 5, 6, 7, 8, 9, 4]
In: Graph 4617 [0, 5, 10, 13, 14, 16, 4]
In: Graph 4631 [0, 4, 6, 7, 2, 1, 5]
In: Graph 4632 [0, 8, 7, 13, 12, 11, 9]
In: Graph 4663 [0, 5, 4, 3, 2, 1, 8]
In: Graph 4664 [0, 1, 4, 6, 7, 2, 5]
In: Graph 4666 [0, 7, 21, 3, 2, 1, 6]
In: Graph 4667 [7, 8, 10, 11, 12, 13, 9]
In: Graph 4673 [0, 1, 2, 3, 7, 4, 5]
In: Graph 4674 [0, 1, 2, 3, 7, 4, 5]
In: Graph 4675 [0, 1, 2, 3, 7, 4, 5]
In: Graph 4676 [0, 1, 2, 3, 5, 4, 7]
In: Graph 4677 [0, 1, 2, 3, 5, 4, 7]
In: Graph 4678 [0, 1, 2, 3, 5, 4, 7]
In: Graph 4679 [0, 1, 2, 3, 5, 4, 7]
In: Graph 4680 [0, 1, 2, 3, 5, 4, 7]
In: Graph 4681 [0, 1, 2, 3, 5, 4, 7]
In: Graph 4682 [0, 1, 2, 3, 5, 4, 7]
In: Graph 4683 [0, 1, 2, 3, 6, 7, 4]
In: Graph 4685 [0, 4, 3, 6, 7, 8, 5]
In: Graph 4686 [0, 1, 15, 14, 13, 12, 2]
In: Graph 4687 [0, 1, 2, 3, 5, 4, 7]
In: Graph 4693 [0, 2, 5, 6, 9, 15, 3]
In: Graph 4699 [8, 7, 3, 0, 2, 11, 9]
In: Graph 4704 [19, 20, 21, 22, 23, 2, 26]
In: Graph 4729 [1, 11, 17, 39, 38, 41, 10]
In: Graph 4742 [17, 21, 20, 19, 18, 27, 22]
In: Graph 4765 [0, 3, 9, 11, 12, 8, 2]
In: Graph 4766 [0, 1, 2, 3, 4, 5, 6]
In: Graph 4768 [2, 3, 4, 5, 0, 1, 6]
In: Graph 4772 [4, 3, 2, 1, 0, 5, 14]
In: Graph 4783 [1, 0, 6, 5, 4, 3, 16]
In: Graph 4785 [3, 6, 7, 10, 11, 12, 27]
In: Graph 4810 [6, 8, 13, 14, 16, 33, 9]
In: Graph 4825 [0, 5, 4, 3, 2, 1, 10]
In: Graph 4833 [0, 5, 12, 19, 18, 17, 13]
In: Graph 4852 [0, 1, 2, 3, 4, 5, 7]
In: Graph 4871 [0, 4, 3, 5, 6, 7, 9]
In: Graph 4887 [2, 9, 8, 7, 11, 18, 23]
In: Graph 4903 [9, 10, 20, 21, 24, 25, 11]
In: Graph 4919 [6, 9, 10, 11, 12, 7, 13]
In: Graph 4933 [5, 6, 7, 9, 10, 11, 12]
In: Graph 4949 [0, 1, 2, 3, 4, 5, 17]
In: Graph 4950 [0, 1, 2, 3, 4, 5, 17]
In: Graph 4953 [0, 1, 3, 2, 21, 20, 15]
In: Graph 4954 [0, 1, 2, 20, 22, 23, 16]
In: Graph 4963 [0, 1, 2, 3, 4, 5, 6]
In: Graph 4984 [0, 5, 4, 3, 11, 12, 6]
In: Graph 4991 [0, 4, 3, 7, 8, 9, 11]
In: Graph 5000 [3, 6, 15, 14, 13, 12, 21]
In: Graph 5004 [0, 1, 17, 16, 14, 13, 2]
In: Graph 5005 [0, 1, 2, 17, 18, 19, 25]
In: Graph 5006 [0, 1, 12, 13, 16, 21, 2]
In: Graph 5007 [0, 1, 2, 10, 17, 15, 16]
In: Graph 5008 [0, 1, 2, 16, 15, 14, 10]
In: Graph 5013 [8, 10, 14, 15, 16, 17, 11]
In: Graph 5016 [0, 6, 5, 4, 3, 2, 8]
In: Graph 5024 [24, 25, 26, 27, 28, 29, 31]
In: Graph 5040 [10, 12, 17, 25, 22, 21, 13]
In: Graph 5118 [6, 9, 10, 11, 12, 7, 25]
In: Graph 5119 [1, 2, 5, 6, 7, 8, 3]
In: Graph 5133 [0, 4, 3, 10, 15, 16, 7]
In: Graph 5181 [7, 9, 12, 13, 14, 15, 10]
In: Graph 5191 [0, 1, 2, 3, 4, 9, 6]
In: Graph 5192 [0, 1, 10, 7, 6, 5, 2]
In: Graph 5202 [9, 8, 4, 3, 2, 0, 13]
In: Graph 5203 [0, 1, 3, 4, 14, 13, 18]
In: Graph 5204 [0, 2, 3, 13, 4, 5, 6]
In: Graph 5206 [0, 2, 1, 5, 4, 3, 8]
In: Graph 5208 [0, 1, 2, 3, 4, 5, 7]
In: Graph 5217 [0, 1, 2, 3, 5, 4, 8]
In: Graph 5233 [16, 17, 22, 23, 24, 19, 18]
In: Graph 5234 [15, 20, 19, 18, 17, 16, 24]
In: Graph 5235 [21, 26, 25, 24, 23, 22, 30]
In: Graph 5236 [22, 23, 24, 25, 26, 27, 28]
In: Graph 5282 [1, 8, 9, 0, 5, 6, 10]
In: Graph 5283 [0, 1, 13, 12, 3, 4, 2]
In: Graph 5290 [7, 11, 10, 9, 20, 19, 13]
In: Graph 5296 [7, 12, 19, 20, 22, 23, 13]
In: Graph 5297 [2, 4, 9, 10, 11, 13, 5]
In: Graph 5306 [7, 12, 13, 14, 17, 18, 22]
In: Graph 5316 [8, 12, 19, 20, 23, 24, 13]
In: Graph 5321 [3, 6, 7, 8, 9, 10, 11]
In: Graph 5322 [3, 6, 7, 12, 11, 10, 9]
In: Graph 5323 [3, 6, 7, 12, 11, 10, 9]
In: Graph 5329 [2, 8, 9, 10, 11, 3, 13]
In: Graph 5330 [0, 5, 4, 3, 2, 1, 6]
In: Graph 5334 [19, 18, 13, 12, 32, 10, 23]
In: Graph 5339 [7, 12, 19, 20, 23, 24, 13]
In: Graph 5343 [8, 12, 19, 20, 29, 30, 13]
In: Graph 5344 [11, 12, 10, 9, 13, 7, 17]
In: Graph 5351 [0, 5, 4, 3, 2, 1, 28]
In: Graph 5352 [0, 5, 4, 3, 2, 1, 6]
In: Graph 5353 [0, 1, 2, 3, 4, 5, 10]
In: Graph 5354 [0, 5, 4, 3, 2, 1, 6]
In: Graph 5376 [6, 8, 9, 10, 11, 12, 20]
In: Graph 5378 [18, 19, 22, 23, 24, 25, 20]
In: Graph 5399 [7, 12, 11, 10, 9, 8, 13]
In: Graph 5405 [7, 9, 10, 11, 18, 19, 20]
In: Graph 5406 [7, 9, 10, 11, 18, 19, 20]
In: Graph 5419 [5, 4, 3, 2, 1, 6, 11]
In: Graph 5421 [16, 15, 14, 13, 12, 7, 17]
In: Graph 5422 [0, 1, 2, 3, 4, 5, 6]
In: Graph 5441 [1, 0, 5, 6, 7, 9, 2]
In: Graph 5456 [0, 1, 6, 8, 9, 2, 7]
In: Graph 5482 [8, 7, 5, 4, 3, 11, 10]
In: Graph 5483 [8, 7, 5, 4, 3, 11, 10]
In: Graph 5488 [18, 17, 21, 25, 16, 19, 20]
In: Graph 5493 [12, 18, 19, 24, 23, 22, 21]
In: Graph 5494 [12, 18, 19, 32, 36, 34, 33]
In: Graph 5498 [19, 25, 26, 27, 28, 32, 24]
In: Graph 5499 [5, 17, 4, 3, 2, 1, 18]
In: Graph 5502 [18, 12, 13, 14, 10, 11, 21]
In: Graph 5504 [0, 4, 3, 2, 8, 7, 18]
In: Graph 5511 [0, 1, 12, 13, 14, 15, 2]
In: Graph 5512 [0, 1, 12, 13, 14, 15, 2]
In: Graph 5518 [0, 5, 4, 3, 2, 1, 16]
In: Graph 5519 [1, 2, 3, 4, 5, 22, 6]
In: Graph 5523 [0, 1, 2, 3, 4, 5, 6]
In: Graph 5531 [7, 12, 19, 20, 22, 23, 13]
In: Graph 5533 [0, 5, 9, 10, 11, 13, 4]
In: Graph 5536 [6, 8, 11, 12, 13, 14, 9]
In: Graph 5549 [2, 10, 11, 12, 21, 22, 27]
In: Graph 5557 [1, 2, 34, 9, 20, 30, 3]
In: Graph 5559 [2, 11, 12, 13, 22, 23, 28]
In: Graph 5561 [0, 1, 2, 3, 6, 5, 4]
In: Graph 5564 [6, 9, 8, 7, 1, 2, 10]
In: Graph 5565 [1, 7, 6, 9, 8, 11, 17]
In: Graph 5566 [4, 6, 7, 8, 9, 16, 10]
In: Graph 5567 [4, 8, 7, 9, 11, 13, 10]
In: Graph 5579 [0, 1, 2, 3, 4, 5, 34]
In: Graph 5580 [0, 5, 4, 3, 2, 1, 6]
In: Graph 5583 [2, 3, 4, 5, 0, 1, 10]
In: Graph 5584 [6, 9, 20, 21, 22, 23, 10]
In: Graph 5585 [6, 9, 10, 11, 12, 7, 13]
In: Graph 5586 [6, 9, 10, 11, 12, 7, 13]
In: Graph 5587 [6, 9, 10, 11, 12, 7, 16]
In: Graph 5588 [0, 8, 7, 14, 13, 12, 10]
In: Graph 5589 [10, 11, 12, 13, 7, 8, 14]
In: Graph 5642 [0, 1, 2, 17, 18, 19, 5]
In: Graph 5676 [7, 6, 10, 11, 16, 15, 17]
In: Graph 5695 [1, 0, 5, 4, 3, 2, 9]
In: Graph 5696 [1, 0, 5, 4, 3, 2, 9]
In: Graph 5697 [1, 0, 5, 4, 3, 2, 9]
In: Graph 5731 [16, 19, 18, 17, 12, 15, 20]
In: Graph 5732 [16, 19, 18, 17, 12, 15, 20]
In: Graph 5733 [10, 11, 18, 16, 15, 9, 12]
In: Graph 5745 [14, 15, 16, 17, 12, 11, 19]
In: Graph 5747 [2, 1, 0, 5, 4, 8, 6]
In: Graph 5753 [0, 5, 4, 3, 2, 1, 7]
In: Graph 5769 [20, 19, 14, 15, 16, 23, 21]
In: Graph 5779 [10, 11, 12, 13, 14, 15, 16]
In: Graph 5782 [0, 3, 6, 7, 2, 1, 4]
In: Graph 5816 [12, 11, 9, 8, 7, 4, 13]
In: Graph 5843 [7, 8, 10, 11, 18, 19, 9]
In: Graph 5848 [1, 0, 5, 4, 3, 2, 7]
In: Graph 5849 [3, 6, 1, 0, 7, 23, 13]
In: Graph 5850 [0, 1, 2, 3, 4, 5, 6]
In: Graph 5852 [0, 2, 3, 5, 6, 1, 7]
In: Graph 5853 [3, 6, 5, 0, 2, 4, 11]
In: Graph 5863 [0, 1, 2, 3, 17, 4, 18]
In: Graph 5864 [0, 1, 2, 3, 17, 4, 18]
In: Graph 5865 [0, 1, 2, 3, 17, 4, 18]
In: Graph 5885 [0, 5, 10, 12, 13, 14, 11]
In: Graph 5886 [5, 10, 11, 12, 13, 27, 9]
In: Graph 5903 [6, 8, 12, 13, 14, 15, 9]
In: Graph 5904 [0, 5, 10, 12, 13, 14, 4]
In: Graph 5920 [3, 4, 5, 6, 0, 1, 7]
In: Graph 5921 [0, 6, 5, 4, 3, 2, 8]
In: Graph 5922 [0, 1, 2, 3, 18, 17, 9]
In: Graph 5924 [0, 6, 7, 13, 12, 11, 9]
In: Graph 5925 [0, 6, 7, 12, 11, 10, 8]
In: Graph 5927 [0, 6, 7, 13, 12, 11, 9]
In: Graph 5928 [0, 6, 18, 17, 16, 15, 7]
In: Graph 5929 [0, 6, 16, 17, 18, 19, 7]
In: Graph 5931 [4, 7, 12, 11, 10, 9, 6]
In: Graph 5932 [4, 7, 6, 11, 12, 18, 8]
In: Graph 5941 [1, 2, 26, 21, 20, 19, 3]
In: Graph 5958 [17, 18, 19, 20, 21, 24, 23]
In: Graph 5969 [1, 0, 46, 47, 48, 50, 2]
In: Graph 5977 [0, 1, 2, 3, 4, 5, 6]
In: Graph 5978 [0, 5, 4, 3, 2, 1, 9]
In: Graph 5979 [0, 5, 4, 3, 2, 1, 8]
In: Graph 5980 [0, 1, 2, 3, 4, 5, 6]
In: Graph 5994 [3, 4, 5, 0, 1, 2, 6]
In: Graph 5996 [0, 1, 15, 14, 13, 2, 8]
In: Graph 6006 [10, 11, 12, 13, 14, 9, 16]
In: Graph 6010 [0, 1, 9, 3, 4, 7, 2]
In: Graph 6011 [1, 0, 3, 2, 8, 10, 4]
In: Graph 6012 [0, 68, 69, 3, 4, 5, 67]
In: Graph 6013 [0, 61, 62, 3, 4, 5, 60]
In: Graph 6025 [0, 21, 22, 3, 13, 12, 23]
In: Graph 6029 [0, 1, 2, 3, 4, 17, 5]
In: Graph 6045 [0, 6, 5, 4, 3, 2, 7]
In: Graph 6046 [0, 7, 6, 5, 4, 3, 8]
In: Graph 6057 [1, 2, 15, 17, 18, 19, 28]
In: Graph 6062 [0, 9, 8, 7, 2, 1, 10]
In: Graph 6066 [3, 2, 1, 0, 5, 4, 10]
In: Graph 6068 [1, 0, 19, 18, 17, 16, 9]
In: Graph 6079 [0, 5, 4, 3, 2, 1, 7]
In: Graph 6092 [0, 5, 4, 3, 2, 1, 6]
In: Graph 6096 [1, 0, 5, 4, 3, 2, 8]
In: Graph 6098 [1, 0, 5, 4, 3, 2, 8]
In: Graph 6103 [1, 0, 5, 4, 3, 2, 6]
In: Graph 6132 [1, 2, 3, 4, 5, 6, 7]
In: Graph 6133 [2, 1, 0, 4, 5, 6, 10]
In: Graph 6134 [0, 4, 3, 2, 6, 5, 12]
In: Graph 6135 [0, 5, 4, 11, 3, 2, 6]
In: Graph 6141 [0, 1, 2, 12, 16, 17, 10]
In: Graph 6145 [0, 5, 4, 3, 2, 1, 7]
In: Graph 6146 [0, 5, 4, 3, 2, 1, 7]
In: Graph 6147 [0, 5, 4, 3, 2, 1, 7]
In: Graph 6148 [0, 5, 4, 3, 2, 1, 7]
In: Graph 6149 [0, 5, 4, 3, 2, 1, 7]
In: Graph 6222 [0, 1, 2, 3, 4, 5, 7]
In: Graph 6223 [0, 7, 12, 13, 14, 15, 6]
In: Graph 6224 [4, 5, 0, 1, 2, 3, 14]
In: Graph 6225 [7, 11, 10, 16, 15, 14, 12]
In: Graph 6239 [1, 2, 3, 4, 5, 0, 7]
In: Graph 6275 [13, 12, 15, 16, 17, 18, 14]
In: Graph 6278 [7, 5, 2, 1, 0, 4, 11]
In: Graph 6285 [1, 2, 10, 11, 12, 13, 3]
In: Graph 6293 [0, 2, 3, 4, 5, 7, 9]
In: Graph 6302 [18, 17, 15, 14, 6, 3, 20]
In: Graph 6333 [0, 1, 14, 15, 3, 13, 2]
In: Graph 6370 [6, 8, 9, 10, 11, 12, 21]
In: Graph 6383 [0, 1, 2, 3, 4, 5, 17]
In: Graph 6398 [0, 40, 42, 43, 1, 6, 41]
In: Graph 6399 [0, 40, 42, 43, 1, 6, 41]
In: Graph 6412 [0, 1, 2, 3, 4, 5, 20]
In: Graph 6427 [0, 2, 1, 3, 4, 5, 7]
In: Graph 6430 [14, 15, 27, 28, 29, 30, 16]
In: Graph 6431 [0, 5, 6, 9, 10, 11, 4]
In: Graph 6432 [0, 9, 10, 11, 8, 7, 12]
In: Graph 6436 [0, 5, 4, 3, 2, 1, 16]
In: Graph 6437 [0, 15, 4, 3, 2, 1, 14]
In: Graph 6438 [0, 5, 4, 3, 2, 1, 15]
In: Graph 6456 [2, 3, 7, 12, 13, 14, 32]
In: Graph 6468 [22, 35, 36, 37, 32, 40, 34]
In: Graph 6469 [1, 0, 37, 41, 40, 39, 7]
In: Graph 6470 [1, 0, 37, 41, 40, 39, 7]
In: Graph 6471 [0, 1, 12, 27, 10, 7, 2]
In: Graph 6472 [4, 3, 2, 1, 0, 6, 12]
In: Graph 6487 [8, 7, 0, 5, 4, 11, 10]
In: Graph 6489 [0, 1, 5, 4, 3, 2, 6]
In: Graph 6490 [0, 1, 5, 4, 3, 2, 6]
In: Graph 6491 [0, 1, 5, 4, 3, 2, 6]
In: Graph 6492 [0, 1, 5, 4, 3, 2, 6]
In: Graph 6493 [0, 1, 5, 4, 3, 2, 6]
In: Graph 6494 [0, 1, 2, 3, 4, 5, 7]
In: Graph 6495 [2, 1, 17, 0, 4, 3, 5]
In: Graph 6496 [2, 1, 14, 0, 4, 3, 5]
In: Graph 6498 [1, 3, 4, 5, 7, 8, 27]
In: Graph 6499 [9, 18, 19, 17, 16, 14, 26]
In: Graph 6503 [18, 19, 21, 25, 24, 22, 23]
In: Graph 6518 [22, 21, 26, 25, 24, 23, 27]
In: Graph 6532 [3, 4, 13, 14, 15, 16, 5]
In: Graph 6541 [3, 26, 27, 29, 31, 32, 25]
In: Graph 6546 [0, 7, 8, 9, 10, 11, 13]
In: Graph 6549 [11, 12, 13, 14, 15, 16, 17]
In: Graph 6571 [0, 5, 4, 3, 2, 1, 15]
In: Graph 6572 [0, 5, 4, 3, 30, 29, 15]
In: Graph 6573 [0, 5, 4, 3, 30, 29, 15]
In: Graph 6574 [0, 5, 4, 3, 2, 1, 16]
In: Graph 6575 [0, 5, 4, 3, 2, 1, 16]
In: Graph 6577 [6, 9, 10, 11, 12, 7, 29]
In: Graph 6588 [3, 4, 5, 0, 1, 2, 12]
In: Graph 6605 [12, 5, 0, 1, 2, 3, 13]
In: Graph 6613 [0, 1, 2, 3, 4, 10, 6]
In: Graph 6617 [1, 0, 2, 3, 4, 8, 15]
In: Graph 6623 [20, 22, 12, 13, 14, 15, 23]
In: Graph 6628 [0, 1, 5, 4, 3, 2, 6]
In: Graph 6632 [0, 5, 4, 3, 2, 1, 25]
In: Graph 6633 [13, 11, 7, 8, 9, 4, 17]
In: Graph 6641 [7, 4, 5, 6, 1, 0, 13]
In: Graph 6644 [9, 0, 1, 2, 4, 5, 10]
In: Graph 6645 [10, 9, 8, 6, 5, 4, 24]
In: Graph 6646 [3, 4, 10, 12, 22, 14, 5]
In: Graph 6654 [1, 4, 10, 11, 13, 14, 5]
In: Graph 6658 [8, 7, 6, 10, 11, 12, 9]
In: Graph 6663 [1, 2, 5, 8, 9, 11, 3]
In: Graph 6664 [15, 29, 28, 33, 32, 31, 30]
In: Graph 6674 [0, 1, 2, 3, 4, 5, 7]
In: Graph 6704 [0, 1, 2, 3, 5, 4, 15]
In: Graph 6709 [0, 1, 2, 3, 4, 5, 7]
In: Graph 6726 [0, 5, 4, 3, 2, 10, 6]
In: Graph 6727 [0, 1, 2, 3, 6, 7, 4]
In: Graph 6779 [1, 10, 11, 6, 7, 8, 12]
In: Graph 6780 [2, 3, 4, 5, 6, 7, 8]
In: Graph 6781 [5, 6, 7, 8, 9, 10, 13]
In: Graph 6782 [2, 1, 0, 5, 4, 13, 6]
In: Graph 6788 [1, 0, 11, 10, 9, 8, 14]
In: Graph 6790 [0, 5, 4, 3, 2, 1, 14]
In: Graph 6799 [3, 9, 11, 13, 15, 16, 10]
In: Graph 6802 [1, 0, 5, 6, 9, 11, 4]
In: Graph 6803 [1, 0, 6, 7, 11, 18, 4]
In: Graph 6804 [7, 9, 10, 11, 12, 13, 17]
In: Graph 6808 [0, 4, 3, 2, 1, 6, 5]
In: Graph 6810 [9, 11, 13, 19, 14, 15, 18]
In: Graph 6812 [9, 11, 12, 14, 18, 19, 13]
In: Graph 6816 [10, 12, 13, 18, 19, 20, 15]
In: Graph 6822 [6, 5, 3, 2, 1, 0, 9]
In: Graph 6824 [21, 29, 16, 0, 5, 4, 24]
In: Graph 6831 [11, 13, 15, 16, 25, 24, 23]
In: Graph 6833 [1, 11, 18, 19, 20, 21, 12]
In: Graph 6840 [0, 1, 5, 4, 3, 2, 6]
In: Graph 6841 [0, 1, 5, 4, 3, 2, 6]
In: Graph 6842 [0, 1, 5, 4, 3, 2, 6]
In: Graph 6844 [1, 2, 3, 10, 11, 18, 7]
In: Graph 6857 [0, 1, 2, 3, 4, 5, 16]
In: Graph 6858 [2, 3, 4, 5, 6, 7, 12]
In: Graph 6861 [4, 5, 0, 1, 2, 12, 6]
In: Graph 6867 [0, 1, 2, 3, 4, 5, 6]
In: Graph 6886 [0, 3, 5, 4, 2, 1, 6]
In: Graph 6887 [0, 1, 14, 17, 13, 16, 2]
In: Graph 6888 [2, 0, 4, 5, 1, 3, 21]
In: Graph 6902 [4, 6, 7, 13, 12, 14, 10]
In: Graph 6906 [0, 3, 4, 11, 10, 9, 12]
In: Graph 6908 [0, 1, 2, 3, 5, 10, 4]
In: Graph 6909 [0, 1, 2, 3, 6, 9, 4]
In: Graph 6910 [0, 1, 2, 3, 6, 5, 4]
In: Graph 6911 [0, 1, 2, 3, 6, 5, 4]
In: Graph 6912 [0, 1, 2, 5, 4, 3, 6]
In: Graph 6913 [0, 10, 11, 12, 13, 14, 9]
In: Graph 6917 [6, 7, 11, 12, 13, 15, 8]
In: Graph 6918 [2, 6, 7, 11, 15, 14, 9]
In: Graph 6921 [19, 18, 6, 7, 8, 3, 20]
In: Graph 6926 [6, 7, 12, 11, 10, 9, 8]
In: Graph 6928 [7, 6, 5, 4, 3, 2, 10]
In: Graph 6929 [1, 2, 3, 4, 5, 0, 6]
In: Graph 6930 [0, 1, 2, 3, 4, 5, 6]
In: Graph 6933 [1, 3, 6, 7, 8, 9, 4]
In: Graph 6934 [7, 6, 5, 3, 1, 0, 10]
In: Graph 6936 [0, 10, 9, 8, 6, 5, 12]
In: Graph 6937 [0, 9, 4, 3, 2, 1, 8]
In: Graph 6938 [0, 10, 9, 8, 6, 5, 12]
In: Graph 6939 [0, 7, 5, 3, 2, 1, 8]
In: Graph 6947 [0, 4, 8, 7, 6, 5, 3]
In: Graph 6954 [1, 2, 3, 4, 5, 14, 12]
In: Graph 6955 [0, 1, 14, 18, 19, 30, 34]
In: Graph 6956 [4, 5, 6, 9, 8, 7, 20]
In: Graph 6957 [0, 1, 5, 4, 3, 2, 9]
In: Graph 6958 [1, 0, 5, 4, 3, 2, 6]
In: Graph 6959 [0, 1, 5, 4, 13, 12, 9]
In: Graph 6962 [0, 1, 2, 3, 5, 4, 11]
In: Graph 6965 [1, 4, 5, 6, 7, 0, 16]
In: Graph 6966 [0, 1, 11, 13, 14, 17, 7]
In: Graph 6969 [0, 6, 5, 4, 3, 2, 9]
In: Graph 6970 [7, 16, 17, 18, 19, 20, 8]
In: Graph 6977 [9, 10, 11, 17, 16, 15, 14]
In: Graph 7024 [7, 9, 15, 14, 13, 18, 10]
In: Graph 7050 [0, 5, 6, 7, 8, 13, 9]
In: Graph 7067 [14, 15, 16, 17, 12, 22, 20]
In: Graph 7106 [1, 0, 5, 4, 3, 2, 6]
In: Graph 7108 [12, 11, 0, 1, 2, 3, 17]
In: Graph 7109 [12, 11, 0, 1, 2, 3, 17]
In: Graph 7110 [0, 1, 2, 3, 4, 5, 15]
In: Graph 7111 [3, 4, 5, 0, 1, 2, 7]
In: Graph 7161 [0, 1, 2, 26, 27, 28, 30]
In: Graph 7171 [6, 9, 10, 11, 12, 7, 16]
In: Graph 7172 [6, 9, 10, 11, 12, 7, 16]
In: Graph 7173 [6, 9, 10, 11, 12, 7, 16]
In: Graph 7174 [6, 9, 10, 11, 12, 7, 16]
In: Graph 7175 [6, 9, 10, 11, 12, 7, 16]
In: Graph 7186 [18, 31, 32, 33, 28, 29, 30]
In: Graph 7243 [0, 1, 5, 4, 3, 2, 6]
In: Graph 7244 [10, 11, 16, 18, 19, 14, 15]
In: Graph 7307 [0, 1, 5, 4, 2, 3, 6]
In: Graph 7308 [1, 13, 12, 11, 10, 16, 14]
In: Graph 7309 [0, 5, 4, 3, 2, 1, 6]
In: Graph 7310 [0, 5, 4, 3, 2, 1, 14]
In: Graph 7311 [0, 1, 2, 3, 4, 5, 6]
In: Graph 7312 [1, 0, 7, 6, 5, 4, 15]
In: Graph 7313 [6, 5, 4, 3, 2, 1, 7]
In: Graph 7314 [6, 5, 4, 3, 2, 1, 7]
In: Graph 7315 [5, 6, 7, 8, 9, 10, 11]
In: Graph 7317 [3, 4, 6, 5, 0, 1, 9]
In: Graph 7319 [0, 1, 2, 3, 4, 5, 20]
In: Graph 7320 [0, 1, 2, 3, 4, 5, 12]
In: Graph 7321 [0, 1, 2, 3, 4, 5, 12]
In: Graph 7354 [0, 5, 6, 7, 8, 13, 9]
In: Graph 7374 [3, 2, 1, 0, 4, 5, 14]
In: Graph 7420 [0, 5, 4, 3, 2, 1, 7]
In: Graph 7452 [1, 5, 4, 9, 11, 12, 6]
In: Graph 7519 [0, 1, 2, 3, 15, 18, 27]
In: Graph 7521 [2, 5, 4, 3, 0, 1, 6]
In: Graph 7529 [1, 0, 21, 22, 23, 24, 5]
In: Graph 7532 [2, 1, 23, 26, 25, 27, 5]
In: Graph 7539 [36, 35, 34, 38, 37, 41, 43]
In: Graph 7540 [4, 0, 1, 2, 3, 5, 7]
In: Graph 7545 [0, 3, 2, 6, 7, 5, 4]
In: Graph 7551 [4, 25, 26, 27, 28, 23, 24]
In: Graph 7597 [0, 1, 10, 2, 3, 11, 28]
In: Graph 7603 [2, 1, 7, 0, 4, 3, 5]
In: Graph 7613 [0, 1, 8, 7, 3, 4, 17]
In: Graph 7614 [6, 0, 4, 3, 2, 9, 10]
In: Graph 7648 [0, 1, 2, 3, 6, 7, 4]
In: Graph 7649 [2, 6, 15, 14, 13, 3, 7]
In: Graph 7650 [0, 1, 2, 5, 4, 3, 6]
In: Graph 7656 [0, 5, 18, 19, 2, 1, 4]
In: Graph 7660 [6, 25, 26, 22, 23, 27, 24]
In: Graph 7725 [0, 1, 2, 3, 4, 5, 8]
In: Graph 7745 [3, 7, 8, 9, 10, 11, 22]
In: Graph 7762 [1, 2, 3, 4, 5, 0, 23]
In: Graph 7763 [1, 2, 3, 4, 5, 0, 20]
In: Graph 7764 [1, 2, 3, 4, 5, 0, 19]
In: Graph 7771 [2, 3, 4, 5, 0, 1, 6]
In: Graph 7772 [2, 3, 4, 5, 0, 1, 6]
In: Graph 7773 [2, 3, 4, 9, 8, 7, 6]
In: Graph 7774 [2, 3, 4, 9, 8, 7, 6]
In: Graph 7783 [0, 1, 2, 3, 4, 5, 14]
In: Graph 7784 [0, 1, 2, 3, 4, 5, 14]
In: Graph 7785 [0, 1, 2, 3, 4, 5, 14]
In: Graph 7786 [0, 1, 2, 3, 4, 5, 14]
In: Graph 7787 [0, 1, 2, 3, 4, 5, 14]
In: Graph 7823 [7, 8, 13, 12, 15, 16, 9]
In: Graph 7831 [7, 8, 9, 11, 16, 17, 10]
In: Graph 7835 [7, 8, 9, 11, 17, 18, 10]
In: Graph 7836 [7, 8, 11, 12, 16, 18, 9]
In: Graph 7847 [7, 9, 10, 12, 13, 14, 20]
In: Graph 7849 [7, 9, 13, 12, 11, 10, 14]
In: Graph 7900 [1, 9, 12, 3, 4, 5, 10]
In: Graph 7959 [0, 1, 2, 3, 5, 4, 9]
In: Graph 7960 [0, 3, 4, 2, 7, 6, 8]
In: Graph 7961 [0, 3, 4, 2, 7, 6, 8]
In: Graph 7966 [0, 4, 18, 3, 2, 1, 11]
In: Graph 7967 [5, 6, 7, 8, 9, 10, 14]
In: Graph 7980 [4, 11, 10, 9, 8, 7, 14]
In: Graph 8025 [19, 18, 13, 1, 4, 5, 25]
In: Graph 8030 [1, 2, 13, 8, 9, 10, 3]
In: Graph 8032 [3, 4, 5, 0, 1, 2, 7]
In: Graph 8039 [1, 2, 3, 4, 5, 0, 24]
In: Graph 8059 [2, 1, 6, 11, 10, 14, 17]
In: Graph 8061 [1, 0, 6, 7, 5, 4, 8]
In: Graph 8102 [4, 9, 13, 12, 11, 17, 8]
In: Graph 8105 [7, 8, 2, 3, 0, 4, 10]
In: Graph 8110 [1, 0, 5, 4, 3, 2, 6]
In: Graph 8125 [16, 17, 18, 19, 20, 21, 22]
In: Graph 8146 [2, 3, 4, 0, 7, 9, 6]
In: Graph 8149 [4, 9, 13, 12, 11, 10, 8]
In: Graph 8150 [2, 3, 4, 5, 0, 1, 6]
In: Graph 8151 [0, 1, 2, 3, 4, 5, 18]
In: Graph 8152 [4, 9, 13, 12, 11, 17, 8]
In: Graph 8153 [0, 1, 2, 3, 4, 5, 23]
In: Graph 8154 [0, 1, 2, 3, 4, 5, 13]
In: Graph 8155 [0, 1, 2, 3, 4, 5, 27]
In: Graph 8156 [0, 1, 2, 3, 4, 5, 28]
In: Graph 8174 [5, 4, 3, 2, 1, 0, 7]
In: Graph 8181 [23, 22, 10, 9, 8, 26, 24]
In: Graph 8189 [0, 2, 1, 3, 7, 4, 6]
In: Graph 8190 [0, 2, 1, 3, 7, 4, 6]
In: Graph 8191 [0, 2, 1, 3, 7, 4, 6]
In: Graph 8192 [0, 2, 1, 3, 7, 4, 6]
In: Graph 8195 [4, 9, 11, 10, 12, 13, 8]
In: Graph 8198 [4, 9, 13, 12, 11, 17, 19]
In: Graph 8199 [4, 9, 13, 12, 11, 17, 19]
In: Graph 8200 [4, 9, 13, 12, 11, 10, 27]
In: Graph 8201 [4, 9, 13, 12, 11, 10, 27]
In: Graph 8208 [0, 1, 2, 3, 13, 4, 6]
In: Graph 8224 [13, 12, 11, 10, 9, 14, 15]
In: Graph 8225 [13, 12, 11, 10, 9, 14, 15]
In: Graph 8226 [12, 11, 10, 9, 8, 13, 14]
In: Graph 8236 [12, 10, 9, 11, 20, 22, 15]
In: Graph 8259 [3, 4, 15, 16, 20, 19, 5]
In: Graph 8302 [1, 2, 3, 4, 5, 0, 31]
In: Graph 8303 [0, 6, 5, 4, 7, 10, 11]
In: Graph 8308 [1, 2, 12, 13, 18, 19, 3]
In: Graph 8318 [4, 3, 2, 1, 33, 34, 11]
In: Graph 8319 [3, 2, 1, 0, 30, 31, 9]
In: Graph 8323 [8, 22, 21, 20, 28, 24, 29]
In: Graph 8327 [6, 15, 14, 18, 12, 11, 44]
In: Graph 8328 [6, 15, 14, 18, 12, 11, 44]
In: Graph 8329 [0, 1, 2, 3, 5, 6, 21]
In: Graph 8341 [4, 9, 13, 12, 11, 17, 8]
In: Graph 8342 [4, 9, 13, 12, 11, 17, 8]
In: Graph 8358 [1, 0, 4, 12, 13, 14, 5]
In: Graph 8365 [0, 1, 2, 3, 6, 15, 13]
In: Graph 8366 [0, 1, 2, 5, 14, 18, 8]
In: Graph 8368 [11, 2, 3, 4, 5, 0, 13]
In: Graph 8369 [6, 2, 3, 4, 5, 0, 15]
In: Graph 8370 [1, 0, 4, 3, 2, 5, 13]
In: Graph 8371 [13, 12, 4, 3, 2, 5, 14]
In: Graph 8372 [2, 3, 4, 7, 15, 16, 13]
In: Graph 8373 [1, 2, 3, 4, 7, 17, 15]
In: Graph 8374 [1, 2, 16, 18, 17, 8, 3]
In: Graph 8375 [1, 2, 3, 4, 5, 19, 15]
In: Graph 8376 [6, 7, 8, 9, 10, 0, 20]
In: Graph 8405 [13, 12, 11, 10, 4, 0, 16]
In: Graph 8406 [10, 19, 20, 14, 4, 0, 21]
In: Graph 8413 [0, 1, 2, 3, 4, 5, 13]
In: Graph 8414 [0, 1, 2, 3, 4, 5, 14]
In: Graph 8415 [4, 9, 13, 12, 11, 18, 8]
In: Graph 8439 [4, 9, 11, 10, 16, 12, 8]
In: Graph 8450 [0, 1, 2, 3, 4, 10, 16]
In: Graph 8451 [0, 10, 4, 3, 2, 1, 9]
In: Graph 8473 [0, 5, 1, 2, 3, 4, 6]
In: Graph 8475 [4, 9, 13, 12, 11, 21, 8]
In: Graph 8484 [4, 9, 13, 12, 11, 10, 8]
In: Graph 8503 [12, 13, 14, 15, 16, 17, 21]
In: Graph 8531 [10, 9, 8, 0, 5, 4, 12]
In: Graph 8548 [4, 5, 6, 11, 10, 9, 8]
In: Graph 8549 [0, 3, 2, 5, 6, 12, 7]
In: Graph 8565 [1, 0, 5, 4, 3, 2, 6]
In: Graph 8567 [20, 21, 22, 23, 24, 25, 27]
In: Graph 8568 [0, 1, 2, 3, 4, 5, 42]
In: Graph 8569 [0, 1, 2, 3, 4, 5, 42]
In: Graph 8622 [3, 4, 5, 0, 1, 2, 18]
In: Graph 8623 [3, 4, 5, 0, 1, 2, 19]
In: Graph 8624 [3, 4, 5, 0, 1, 2, 18]
In: Graph 8625 [3, 4, 5, 0, 1, 2, 19]
In: Graph 8627 [4, 9, 13, 12, 11, 17, 30]
In: Graph 8630 [0, 1, 2, 3, 4, 5, 17]
In: Graph 8631 [0, 60, 1, 2, 3, 4, 16]
In: Graph 8639 [8, 7, 0, 1, 2, 11, 9]
In: Graph 8640 [5, 4, 0, 1, 2, 9, 6]
In: Graph 8641 [5, 4, 0, 1, 2, 9, 6]
In: Graph 8664 [0, 1, 2, 3, 4, 5, 8]
In: Graph 8678 [2, 3, 4, 5, 0, 1, 6]
In: Graph 8719 [2, 3, 4, 5, 0, 1, 6]
In: Graph 8720 [2, 3, 4, 5, 0, 1, 6]
In: Graph 8737 [4, 9, 13, 12, 17, 18, 8]
In: Graph 8742 [8, 9, 4, 5, 0, 1, 10]
In: Graph 8743 [8, 9, 4, 5, 0, 1, 11]
In: Graph 8745 [8, 9, 4, 5, 0, 1, 13]
In: Graph 8746 [8, 9, 4, 5, 0, 1, 13]
In: Graph 8813 [3, 4, 5, 0, 6, 7, 12]
In: Graph 8836 [2, 1, 6, 0, 3, 10, 8]
In: Graph 8840 [1, 9, 8, 7, 6, 0, 21]
In: Graph 8841 [1, 9, 8, 7, 6, 0, 20]
In: Graph 8842 [1, 9, 8, 7, 6, 0, 20]
In: Graph 8846 [0, 9, 3, 2, 4, 1, 12]
In: Graph 8873 [1, 2, 3, 4, 5, 0, 11]
In: Graph 8883 [4, 9, 13, 12, 11, 17, 8]
In: Graph 8885 [1, 2, 3, 4, 5, 0, 32]
In: Graph 8891 [5, 6, 7, 11, 10, 9, 8]
In: Graph 8899 [4, 9, 11, 10, 13, 12, 8]
In: Graph 8929 [0, 1, 2, 3, 18, 21, 17]
In: Graph 8964 [22, 15, 14, 13, 12, 11, 25]
In: Graph 8980 [0, 6, 8, 9, 10, 11, 16]
In: Graph 8985 [8, 9, 4, 5, 0, 1, 10]
In: Graph 8986 [8, 9, 4, 5, 0, 1, 10]
In: Graph 8987 [8, 9, 4, 5, 0, 1, 10]
In: Graph 8989 [2, 1, 0, 4, 3, 17, 14]
In: Graph 9008 [1, 6, 7, 8, 9, 10, 11]
In: Graph 9009 [1, 15, 20, 19, 18, 17, 16]
In: Graph 9013 [4, 9, 11, 10, 13, 14, 8]
In: Graph 9014 [3, 4, 5, 0, 1, 2, 9]
In: Graph 9017 [0, 1, 2, 15, 3, 14, 34]
In: Graph 9032 [3, 2, 1, 0, 4, 5, 27]
In: Graph 9044 [2, 11, 10, 12, 13, 14, 15]
In: Graph 9045 [2, 11, 10, 12, 13, 14, 15]
In: Graph 9046 [2, 11, 10, 12, 13, 14, 15]
In: Graph 9047 [2, 11, 10, 12, 13, 14, 15]
In: Graph 9055 [0, 7, 8, 28, 33, 32, 3]
In: Graph 9059 [0, 6, 3, 4, 12, 5, 7]
In: Graph 9060 [0, 1, 2, 5, 6, 7, 3]
In: Graph 9061 [2, 9, 3, 6, 0, 1, 10]
In: Graph 9062 [2, 6, 3, 5, 0, 1, 7]
In: Graph 9063 [2, 3, 4, 5, 0, 1, 6]
In: Graph 9064 [1, 3, 5, 9, 10, 11, 6]
In: Graph 9065 [0, 1, 2, 3, 4, 5, 17]
In: Graph 9067 [0, 1, 2, 3, 4, 5, 13]
In: Graph 9074 [2, 3, 4, 5, 0, 1, 6]
In: Graph 9094 [2, 3, 4, 5, 0, 1, 6]
In: Graph 9104 [19, 20, 28, 24, 23, 22, 26]
In: Graph 9125 [1, 0, 5, 4, 6, 8, 3]
In: Graph 9164 [3, 2, 1, 0, 5, 4, 37]
In: Graph 9165 [1, 6, 7, 8, 9, 2, 23]
In: Graph 9191 [2, 6, 19, 20, 9, 10, 7]
In: Graph 9194 [1, 15, 21, 22, 23, 17, 20]
In: Graph 9196 [22, 3, 0, 1, 2, 25, 23]
In: Graph 9222 [1, 0, 6, 7, 5, 4, 8]
In: Graph 9258 [16, 17, 11, 10, 9, 8, 18]
In: Graph 9259 [14, 15, 11, 10, 9, 8, 16]
In: Graph 9314 [1, 0, 9, 11, 12, 14, 10]
In: Graph 9330 [3, 4, 5, 0, 1, 2, 24]
In: Graph 9347 [3, 2, 1, 0, 22, 26, 16]
In: Graph 9372 [1, 0, 3, 7, 6, 10, 2]
In: Graph 9373 [1, 0, 3, 7, 6, 9, 2]
In: Graph 9389 [0, 3, 13, 12, 11, 10, 15]
In: Graph 9394 [0, 4, 5, 3, 2, 1, 6]
In: Graph 9395 [0, 5, 4, 3, 2, 21, 7]
In: Graph 9396 [0, 5, 4, 3, 2, 1, 7]
In: Graph 9397 [0, 5, 4, 3, 2, 1, 7]
In: Graph 9400 [4, 1, 0, 2, 3, 11, 5]
In: Graph 9424 [2, 6, 7, 8, 9, 10, 11]
In: Graph 9466 [3, 13, 14, 15, 16, 4, 17]
In: Graph 9478 [2, 6, 3, 4, 0, 1, 5]
In: Graph 9480 [5, 14, 13, 12, 16, 19, 15]
In: Graph 9502 [0, 5, 7, 6, 2, 1, 4]
In: Graph 9526 [0, 1, 2, 3, 4, 5, 20]
In: Graph 9528 [4, 1, 0, 18, 17, 16, 14]
In: Graph 9529 [0, 1, 2, 22, 21, 5, 8]
In: Graph 9549 [0, 1, 2, 3, 4, 9, 8]
In: Graph 9550 [0, 1, 2, 3, 4, 9, 8]
In: Graph 9551 [0, 1, 2, 3, 4, 9, 8]
In: Graph 9562 [20, 19, 25, 26, 24, 23, 27]
In: Graph 9563 [9, 10, 11, 12, 13, 15, 17]
In: Graph 9565 [3, 10, 11, 12, 13, 14, 18]
In: Graph 9571 [7, 8, 11, 12, 16, 17, 9]
In: Graph 9590 [1, 2, 3, 4, 18, 9, 31]
In: Graph 9591 [3, 4, 5, 0, 24, 25, 9]
In: Graph 9605 [15, 14, 19, 17, 18, 0, 25]
In: Graph 9660 [25, 30, 29, 28, 27, 26, 31]
In: Graph 9663 [1, 2, 3, 4, 5, 0, 19]
In: Graph 9669 [8, 9, 4, 5, 0, 1, 10]
In: Graph 9692 [0, 4, 10, 13, 14, 15, 26]
In: Graph 9693 [7, 8, 4, 5, 0, 1, 23]
In: Graph 9704 [1, 0, 6, 7, 5, 4, 8]
In: Graph 9705 [1, 0, 6, 7, 5, 4, 8]
In: Graph 9709 [0, 3, 2, 4, 5, 6, 9]
In: Graph 9710 [9, 10, 11, 0, 1, 12, 17]
In: Graph 9711 [1, 12, 11, 10, 9, 8, 2]
In: Graph 9717 [1, 2, 3, 4, 7, 6, 8]
In: Graph 9731 [0, 5, 13, 14, 15, 16, 4]
In: Graph 9740 [0, 6, 5, 4, 3, 2, 8]
In: Graph 9741 [0, 5, 4, 3, 2, 1, 6]
In: Graph 9742 [0, 5, 4, 3, 2, 1, 6]
In: Graph 9743 [4, 3, 2, 1, 0, 5, 8]
In: Graph 9744 [3, 4, 5, 0, 1, 2, 8]
In: Graph 9746 [2, 9, 12, 11, 13, 14, 10]
In: Graph 9751 [0, 6, 4, 3, 2, 1, 5]
In: Graph 9752 [1, 0, 4, 14, 13, 12, 5]
In: Graph 9764 [3, 4, 5, 0, 1, 2, 20]
In: Graph 9765 [3, 4, 5, 0, 1, 2, 20]
In: Graph 9766 [3, 4, 5, 0, 1, 2, 20]
In: Graph 9767 [3, 4, 5, 0, 1, 2, 20]
In: Graph 9769 [10, 11, 18, 16, 15, 9, 12]
In: Graph 9770 [10, 11, 18, 16, 14, 13, 12]
In: Graph 9777 [9, 15, 14, 13, 12, 11, 16]
In: Graph 9784 [0, 1, 2, 3, 4, 5, 8]
In: Graph 9813 [1, 2, 3, 4, 9, 12, 19]
In: Graph 9815 [2, 13, 12, 11, 10, 9, 3]
In: Graph 9816 [0, 27, 26, 25, 24, 23, 15]
In: Graph 9819 [11, 10, 1, 2, 3, 5, 12]
In: Graph 9826 [0, 1, 2, 3, 4, 5, 18]
In: Graph 9835 [0, 5, 4, 3, 2, 1, 6]
In: Graph 9836 [30, 15, 14, 13, 12, 11, 36]
In: Graph 9837 [1, 2, 15, 20, 19, 18, 3]
In: Graph 9840 [3, 2, 1, 8, 7, 14, 39]
In: Graph 9842 [1, 7, 2, 4, 5, 6, 8]
In: Graph 9844 [1, 0, 5, 4, 3, 2, 6]
In: Graph 9845 [1, 0, 5, 4, 3, 2, 6]
In: Graph 9846 [1, 0, 6, 4, 3, 2, 5]
In: Graph 9847 [1, 0, 5, 21, 3, 2, 4]
In: Graph 9850 [0, 1, 2, 5, 6, 7, 8]
In: Graph 9851 [7, 11, 0, 3, 4, 5, 10]
In: Graph 9852 [2, 0, 7, 11, 10, 9, 12]
In: Graph 9893 [0, 1, 2, 3, 4, 5, 17]
In: Graph 9906 [14, 12, 13, 10, 11, 4, 17]
In: Graph 9914 [3, 4, 9, 8, 7, 6, 5]
In: Graph 9915 [3, 4, 9, 13, 12, 11, 5]
In: Graph 9916 [2, 3, 4, 5, 0, 1, 11]
In: Graph 9923 [1, 2, 3, 4, 5, 0, 29]
In: Graph 9924 [1, 2, 3, 4, 5, 0, 29]
In: Graph 9938 [0, 1, 2, 3, 4, 5, 16]
In: Graph 9939 [0, 1, 2, 3, 4, 5, 8]
In: Graph 9955 [12, 34, 39, 38, 37, 36, 35]
In: Graph 9960 [0, 1, 2, 3, 4, 5, 26]
In: Graph 9961 [2, 0, 1, 20, 21, 22, 8]
In: Graph 9966 [2, 3, 4, 5, 0, 1, 6]
In: Graph 9978 [0, 1, 2, 3, 4, 5, 17]
In: Graph 9979 [0, 1, 2, 3, 4, 5, 8]
In: Graph 9986 [1, 2, 3, 4, 5, 0, 46]
In: Graph 9987 [1, 2, 3, 4, 5, 0, 43]
In: Graph 9997 [0, 1, 2, 3, 4, 5, 45]
In: Graph 9998 [32, 33, 37, 38, 39, 41, 34]
[17, 20, 41, 42, 45, 61, 63, 77, 87, 88, 103, 105, 126, 128, 138, 140, 151, 171, 190, 199, 210, 218, 219, 227, 232, 234, 237, 240, 248, 275, 283, 290, 295, 300, 319, 320, 361, 363, 377, 380, 381, 382, 385, 386, 396, 397, 399, 412, 416, 417, 418, 426, 431, 441, 444, 450, 457, 458, 460, 463, 465, 470, 475, 483, 485, 486, 496, 507, 522, 523, 525, 535, 540, 548, 549, 554, 590, 603, 604, 612, 613, 614, 637, 640, 641, 645, 652, 654, 660, 666, 667, 669, 674, 708, 709, 710, 717, 729, 745, 749, 750, 758, 779, 792, 793, 794, 796, 809, 824, 828, 832, 834, 835, 843, 844, 848, 852, 853, 855, 856, 858, 859, 889, 891, 911, 916, 917, 918, 941, 974, 978, 979, 990, 997, 1000, 1002, 1003, 1034, 1035, 1037, 1049, 1052, 1056, 1058, 1059, 1060, 1066, 1068, 1069, 1087, 1089, 1090, 1106, 1107, 1108, 1116, 1122, 1123, 1127, 1131, 1141, 1150, 1151, 1159, 1160, 1163, 1173, 1176, 1187, 1188, 1189, 1195, 1197, 1198, 1199, 1200, 1201, 1202, 1203, 1204, 1205, 1208, 1209, 1210, 1217, 1219, 1243, 1249, 1258, 1262, 1263, 1268, 1271, 1283, 1297, 1302, 1309, 1313, 1316, 1330, 1332, 1338, 1339, 1340, 1341, 1350, 1372, 1386, 1394, 1399, 1401, 1402, 1408, 1411, 1429, 1430, 1437, 1439, 1445, 1446, 1450, 1452, 1453, 1454, 1458, 1465, 1468, 1470, 1471, 1473, 1480, 1481, 1482, 1483, 1484, 1487, 1490, 1491, 1499, 1500, 1501, 1507, 1508, 1512, 1528, 1532, 1533, 1536, 1538, 1545, 1558, 1563, 1573, 1577, 1581, 1586, 1587, 1588, 1594, 1595, 1597, 1598, 1599, 1600, 1608, 1610, 1611, 1613, 1615, 1616, 1617, 1618, 1619, 1622, 1623, 1630, 1638, 1640, 1649, 1660, 1668, 1671, 1672, 1673, 1721, 1723, 1724, 1741, 1755, 1756, 1774, 1794, 1798, 1803, 1804, 1805, 1806, 1807, 1811, 1829, 1831, 1832, 1833, 1836, 1844, 1853, 1856, 1857, 1863, 1870, 1871, 1872, 1880, 1896, 1915, 1916, 1925, 1939, 1945, 1978, 1982, 1994, 2005, 2008, 2026, 2027, 2028, 2029, 2044, 2058, 2065, 2075, 2077, 2079, 2082, 2091, 2095, 2096, 2105, 2107, 2109, 2113, 2114, 2185, 2189, 2190, 2191, 2211, 2230, 2231, 2233, 2248, 2273, 2285, 2302, 2304, 2312, 2344, 2346, 2348, 2358, 2359, 2360, 2366, 2371, 2381, 2387, 2393, 2394, 2410, 2414, 2415, 2419, 2420, 2434, 2436, 2440, 2446, 2455, 2457, 2465, 2472, 2473, 2479, 2480, 2503, 2504, 2507, 2510, 2519, 2524, 2527, 2533, 2561, 2562, 2563, 2567, 2568, 2570, 2575, 2582, 2583, 2600, 2601, 2613, 2614, 2623, 2629, 2631, 2632, 2682, 2683, 2684, 2685, 2686, 2698, 2699, 2700, 2713, 2718, 2724, 2726, 2728, 2768, 2778, 2787, 2788, 2790, 2795, 2796, 2797, 2818, 2832, 2865, 2866, 2867, 2868, 2869, 2870, 2871, 2872, 2874, 2875, 2876, 2877, 2878, 2885, 2903, 2906, 2907, 2908, 2909, 2910, 2917, 2924, 2925, 2926, 2927, 2928, 2936, 2941, 2942, 2948, 2953, 2955, 2958, 2966, 2967, 2975, 2980, 2981, 2984, 2985, 2989, 2991, 3002, 3019, 3022, 3023, 3026, 3027, 3028, 3029, 3036, 3044, 3045, 3057, 3064, 3072, 3095, 3100, 3103, 3105, 3107, 3108, 3109, 3110, 3111, 3112, 3114, 3117, 3119, 3120, 3122, 3145, 3149, 3150, 3154, 3169, 3186, 3208, 3209, 3212, 3213, 3219, 3220, 3225, 3243, 3259, 3262, 3267, 3271, 3275, 3287, 3288, 3289, 3290, 3291, 3297, 3299, 3305, 3318, 3319, 3320, 3321, 3322, 3325, 3329, 3330, 3332, 3333, 3334, 3337, 3338, 3339, 3340, 3344, 3346, 3347, 3382, 3384, 3386, 3405, 3406, 3407, 3418, 3420, 3423, 3435, 3439, 3440, 3448, 3453, 3458, 3469, 3481, 3482, 3483, 3486, 3487, 3497, 3508, 3529, 3531, 3537, 3542, 3551, 3553, 3571, 3572, 3573, 3575, 3598, 3599, 3632, 3633, 3634, 3635, 3637, 3650, 3651, 3652, 3657, 3658, 3668, 3688, 3690, 3703, 3712, 3715, 3716, 3717, 3720, 3722, 3733, 3735, 3736, 3741, 3747, 3748, 3750, 3751, 3764, 3767, 3768, 3769, 3770, 3773, 3774, 3776, 3778, 3779, 3780, 3781, 3782, 3783, 3800, 3810, 3824, 3829, 3837, 3838, 3842, 3844, 3870, 3906, 3912, 3919, 3920, 3922, 3923, 3924, 3925, 3926, 3927, 3949, 3954, 3955, 3956, 3959, 3975, 3976, 3977, 3978, 3983, 3984, 3986, 3992, 3993, 4024, 4031, 4044, 4045, 4046, 4047, 4048, 4049, 4051, 4056, 4057, 4066, 4072, 4102, 4106, 4135, 4140, 4141, 4142, 4144, 4157, 4187, 4205, 4231, 4249, 4253, 4254, 4264, 4297, 4327, 4391, 4426, 4432, 4434, 4437, 4438, 4439, 4444, 4469, 4487, 4495, 4522, 4524, 4543, 4546, 4556, 4583, 4616, 4617, 4631, 4632, 4663, 4664, 4666, 4667, 4673, 4674, 4675, 4676, 4677, 4678, 4679, 4680, 4681, 4682, 4683, 4685, 4686, 4687, 4693, 4699, 4704, 4729, 4742, 4765, 4766, 4768, 4772, 4783, 4785, 4810, 4825, 4833, 4852, 4871, 4887, 4903, 4919, 4933, 4949, 4950, 4953, 4954, 4963, 4984, 4991, 5000, 5004, 5005, 5006, 5007, 5008, 5013, 5016, 5024, 5040, 5118, 5119, 5133, 5181, 5191, 5192, 5202, 5203, 5204, 5206, 5208, 5217, 5233, 5234, 5235, 5236, 5282, 5283, 5290, 5296, 5297, 5306, 5316, 5321, 5322, 5323, 5329, 5330, 5334, 5339, 5343, 5344, 5351, 5352, 5353, 5354, 5376, 5378, 5399, 5405, 5406, 5419, 5421, 5422, 5441, 5456, 5482, 5483, 5488, 5493, 5494, 5498, 5499, 5502, 5504, 5511, 5512, 5518, 5519, 5523, 5531, 5533, 5536, 5549, 5557, 5559, 5561, 5564, 5565, 5566, 5567, 5579, 5580, 5583, 5584, 5585, 5586, 5587, 5588, 5589, 5642, 5676, 5695, 5696, 5697, 5731, 5732, 5733, 5745, 5747, 5753, 5769, 5779, 5782, 5816, 5843, 5848, 5849, 5850, 5852, 5853, 5863, 5864, 5865, 5885, 5886, 5903, 5904, 5920, 5921, 5922, 5924, 5925, 5927, 5928, 5929, 5931, 5932, 5941, 5958, 5969, 5977, 5978, 5979, 5980, 5994, 5996, 6006, 6010, 6011, 6012, 6013, 6025, 6029, 6045, 6046, 6057, 6062, 6066, 6068, 6079, 6092, 6096, 6098, 6103, 6132, 6133, 6134, 6135, 6141, 6145, 6146, 6147, 6148, 6149, 6222, 6223, 6224, 6225, 6239, 6275, 6278, 6285, 6293, 6302, 6333, 6370, 6383, 6398, 6399, 6412, 6427, 6430, 6431, 6432, 6436, 6437, 6438, 6456, 6468, 6469, 6470, 6471, 6472, 6487, 6489, 6490, 6491, 6492, 6493, 6494, 6495, 6496, 6498, 6499, 6503, 6518, 6532, 6541, 6546, 6549, 6571, 6572, 6573, 6574, 6575, 6577, 6588, 6605, 6613, 6617, 6623, 6628, 6632, 6633, 6641, 6644, 6645, 6646, 6654, 6658, 6663, 6664, 6674, 6704, 6709, 6726, 6727, 6779, 6780, 6781, 6782, 6788, 6790, 6799, 6802, 6803, 6804, 6808, 6810, 6812, 6816, 6822, 6824, 6831, 6833, 6840, 6841, 6842, 6844, 6857, 6858, 6861, 6867, 6886, 6887, 6888, 6902, 6906, 6908, 6909, 6910, 6911, 6912, 6913, 6917, 6918, 6921, 6926, 6928, 6929, 6930, 6933, 6934, 6936, 6937, 6938, 6939, 6947, 6954, 6955, 6956, 6957, 6958, 6959, 6962, 6965, 6966, 6969, 6970, 6977, 7024, 7050, 7067, 7106, 7108, 7109, 7110, 7111, 7161, 7171, 7172, 7173, 7174, 7175, 7186, 7243, 7244, 7307, 7308, 7309, 7310, 7311, 7312, 7313, 7314, 7315, 7317, 7319, 7320, 7321, 7354, 7374, 7420, 7452, 7519, 7521, 7529, 7532, 7539, 7540, 7545, 7551, 7597, 7603, 7613, 7614, 7648, 7649, 7650, 7656, 7660, 7725, 7745, 7762, 7763, 7764, 7771, 7772, 7773, 7774, 7783, 7784, 7785, 7786, 7787, 7823, 7831, 7835, 7836, 7847, 7849, 7900, 7959, 7960, 7961, 7966, 7967, 7980, 8025, 8030, 8032, 8039, 8059, 8061, 8102, 8105, 8110, 8125, 8146, 8149, 8150, 8151, 8152, 8153, 8154, 8155, 8156, 8174, 8181, 8189, 8190, 8191, 8192, 8195, 8198, 8199, 8200, 8201, 8208, 8224, 8225, 8226, 8236, 8259, 8302, 8303, 8308, 8318, 8319, 8323, 8327, 8328, 8329, 8341, 8342, 8358, 8365, 8366, 8368, 8369, 8370, 8371, 8372, 8373, 8374, 8375, 8376, 8405, 8406, 8413, 8414, 8415, 8439, 8450, 8451, 8473, 8475, 8484, 8503, 8531, 8548, 8549, 8565, 8567, 8568, 8569, 8622, 8623, 8624, 8625, 8627, 8630, 8631, 8639, 8640, 8641, 8664, 8678, 8719, 8720, 8737, 8742, 8743, 8745, 8746, 8813, 8836, 8840, 8841, 8842, 8846, 8873, 8883, 8885, 8891, 8899, 8929, 8964, 8980, 8985, 8986, 8987, 8989, 9008, 9009, 9013, 9014, 9017, 9032, 9044, 9045, 9046, 9047, 9055, 9059, 9060, 9061, 9062, 9063, 9064, 9065, 9067, 9074, 9094, 9104, 9125, 9164, 9165, 9191, 9194, 9196, 9222, 9258, 9259, 9314, 9330, 9347, 9372, 9373, 9389, 9394, 9395, 9396, 9397, 9400, 9424, 9466, 9478, 9480, 9502, 9526, 9528, 9529, 9549, 9550, 9551, 9562, 9563, 9565, 9571, 9590, 9591, 9605, 9660, 9663, 9669, 9692, 9693, 9704, 9705, 9709, 9710, 9711, 9717, 9731, 9740, 9741, 9742, 9743, 9744, 9746, 9751, 9752, 9764, 9765, 9766, 9767, 9769, 9770, 9777, 9784, 9813, 9815, 9816, 9819, 9826, 9835, 9836, 9837, 9840, 9842, 9844, 9845, 9846, 9847, 9850, 9851, 9852, 9893, 9906, 9914, 9915, 9916, 9923, 9924, 9938, 9939, 9955, 9960, 9961, 9966, 9978, 9979, 9986, 9987, 9997, 9998]
